154637,0.132,0.981,-0.234,0.033,-0.005,-0.005,-0.182,0.091,0.000,5112,5072;
154639,0.136,0.970,-0.241,0.015,-0.010,-0.005,-0.182,0.091,0.000,5107,5071;
154643,0.132,0.970,-0.241,0.021,-0.007,-0.002,-0.182,0.091,0.000,5104,5054;
154644,0.151,0.985,-0.241,0.024,0.002,0.002,0.091,0.091,-0.306,5086,5071;
154645,0.136,0.974,-0.234,0.033,0.005,-0.008,0.091,0.091,-0.306,5101,5068;
154646,0.128,0.966,-0.234,0.023,0.010,-0.007,0.091,0.091,-0.306,5099,5065;
154647,0.128,0.970,-0.241,0.018,-0.001,-0.001,-0.091,-0.182,-0.306,5097,5065;
154648,0.136,0.974,-0.231,0.018,-0.004,-0.008,-0.091,-0.182,-0.306,5095,5064;
154649,0.128,0.974,-0.238,0.018,0.002,-0.010,0.091,0.000,-0.204,5094,5068;
154729,0.136,0.985,-0.234,0.025,0.010,-0.008,0.091,0.000,-0.204,5092,5057;
154731,0.136,0.974,-0.234,0.021,-0.001,-0.004,0.091,0.000,-0.204,5082,5036;
154732,0.128,0.959,-0.238,0.019,-0.004,-0.005,0.000,0.000,-0.510,5056,5054;
154743,0.132,0.970,-0.238,0.015,-0.002,-0.004,0.000,0.000,-0.510,5093,5064;
154773,0.136,0.985,-0.238,0.018,0.007,-0.006,0.000,0.000,-0.306,5093,5068;
154803,0.136,0.974,-0.241,0.024,0.000,-0.001,0.000,0.000,-0.306,5092,5067;
154833,0.128,0.974,-0.234,0.007,-0.012,-0.008,0.000,0.000,-0.306,5075,5063;
154853,0.136,0.978,-0.234,0.034,0.001,-0.006,0.091,-0.091,0.000,5074,5068;
154883,0.132,0.966,-0.238,0.000,-0.010,-0.010,0.091,-0.091,0.000,5091,5066;
154903,0.132,0.974,-0.248,0.013,0.012,-0.001,0.091,0.000,0.000,5089,5044;
154933,0.132,0.981,-0.231,0.049,0.011,0.004,0.091,0.000,0.000,5088,5066;
154953,0.128,0.974,-0.227,0.013,-0.013,-0.012,0.091,0.000,0.000,5088,5060;
154983,0.132,0.974,-0.238,0.012,-0.005,-0.013,-0.182,0.000,-0.204,5084,5065;
155013,0.132,0.978,-0.238,0.019,0.000,0.001,-0.182,0.000,-0.204,5083,5039;
155033,0.124,0.959,-0.234,0.032,-0.010,0.005,-0.182,0.000,-0.204,5087,5064;
155063,0.143,0.966,-0.241,0.024,0.002,-0.010,0.000,-0.091,-0.102,5087,5064;
155083,0.136,0.974,-0.234,0.023,0.002,-0.015,0.000,-0.091,-0.102,5052,5064;
155113,0.136,0.978,-0.238,0.021,-0.005,-0.005,-0.182,0.091,-0.102,5050,5067;
155143,0.136,0.970,-0.241,0.025,0.001,-0.008,-0.182,0.091,-0.102,5088,5053;
155163,0.139,0.970,-0.244,0.027,0.015,-0.008,-0.182,0.091,-0.102,5045,5025;
155193,0.132,0.963,-0.255,0.025,0.013,-0.013,-0.182,-0.636,-2.449,5022,5092;
155213,0.136,0.970,-0.238,0.027,0.021,-0.017,-0.182,-0.636,-2.449,5036,5093;
155243,0.128,0.966,-0.241,0.011,0.029,-0.010,0.000,-0.182,-0.918,5074,5104;
155273,0.132,0.974,-0.227,0.005,0.007,-0.010,0.000,-0.182,-0.918,5095,5114;
155303,0.128,0.970,-0.231,-0.004,0.001,-0.016,0.000,-0.182,-0.918,5095,5117;
155323,0.132,0.966,-0.234,-0.012,0.004,-0.017,0.000,0.000,-0.408,5046,5121;
155353,0.136,0.985,-0.238,-0.023,0.002,-0.004,0.000,0.000,-0.408,5090,5128;
155373,0.128,0.978,-0.231,-0.013,0.005,-0.012,0.000,0.000,-0.408,5092,5134;
155403,0.132,0.978,-0.231,-0.007,0.005,-0.018,0.182,-0.273,-0.612,5093,5140;
155433,0.136,0.974,-0.241,-0.006,-0.006,-0.013,0.182,-0.273,-0.612,5036,5150;
155463,0.136,0.981,-0.234,-0.006,0.000,-0.011,0.000,0.000,-0.102,5072,5164;
155483,0.132,0.981,-0.234,-0.008,0.006,-0.016,0.000,0.000,-0.102,5088,5177;
155513,0.132,0.974,-0.234,-0.017,0.000,-0.024,0.000,0.000,-0.102,5086,5195;
155533,0.139,0.974,-0.231,-0.012,-0.011,-0.023,-0.182,0.182,-0.612,5076,5208;
155563,0.132,0.981,-0.227,-0.010,0.005,-0.022,-0.182,0.182,-0.612,5076,5213;
155583,0.128,0.978,-0.234,-0.023,0.008,-0.015,-0.091,0.091,-0.102,5070,5225;
155613,0.132,0.970,-0.234,-0.047,0.001,-0.023,-0.091,0.091,-0.102,5067,5231;
155633,0.132,0.966,-0.234,-0.058,0.005,-0.013,-0.091,0.091,-0.102,5064,5232;
155673,0.128,0.993,-0.224,0.001,0.006,-0.004,0.182,-0.182,-0.102,5054,5231;
155693,0.120,0.970,-0.220,-0.032,0.011,-0.012,0.182,-0.182,-0.102,5058,5237;
155723,0.124,0.970,-0.220,-0.033,0.017,-0.015,0.182,-0.091,-0.714,5054,5215;
155743,0.128,0.989,-0.217,-0.004,0.015,0.001,0.182,-0.091,-0.714,5051,5234;
155773,0.132,0.993,-0.220,0.008,0.005,-0.001,0.182,-0.091,-0.714,5047,5233;
155793,0.132,0.978,-0.217,0.030,0.010,-0.013,0.091,0.273,0.000,5041,5232;
155823,0.124,0.974,-0.213,0.030,0.010,-0.012,0.091,0.273,0.000,5034,5211;
155853,0.124,0.985,-0.217,0.018,-0.005,-0.007,0.091,0.273,0.000,5017,5221;
155883,0.128,0.985,-0.217,0.025,-0.011,-0.004,0.091,0.182,-0.408,5017,5227;
155913,0.132,0.978,-0.220,0.041,0.001,-0.002,0.091,0.182,-0.408,5015,5225;
155933,0.139,0.974,-0.227,0.027,0.012,-0.006,-0.273,0.000,-0.510,4965,5220;
155963,0.136,0.981,-0.213,0.039,0.012,0.004,-0.273,0.000,-0.510,5010,5215;
155983,0.117,0.970,-0.217,0.032,-0.012,0.015,-0.273,0.000,-0.510,5006,5211;
156013,0.128,0.974,-0.224,0.017,-0.019,0.017,0.000,0.000,-0.306,5003,5204;
156043,0.124,0.978,-0.231,0.029,0.004,0.012,0.000,0.000,-0.306,4940,5189;
156063,0.124,0.974,-0.217,0.047,0.010,0.002,-0.182,0.091,0.306,4989,5180;
156093,0.128,0.981,-0.220,0.035,-0.015,0.018,-0.182,0.091,0.306,4991,5172;
156113,0.139,0.978,-0.231,0.016,-0.024,0.015,-0.182,0.091,0.306,4990,5166;
156143,0.139,0.981,-0.224,0.017,0.004,0.010,0.091,-0.182,-0.204,4941,5160;
156163,0.132,0.985,-0.224,0.039,0.021,0.004,0.091,-0.182,-0.204,4990,5156;
156193,0.136,0.978,-0.231,0.046,0.004,0.010,0.091,-0.182,-0.204,4990,5151;
156213,0.136,0.974,-0.227,0.053,0.002,0.007,0.091,0.000,-0.306,4990,5145;
156243,0.132,0.985,-0.224,0.035,-0.001,0.007,0.091,0.000,-0.306,4934,5135;
156273,0.132,0.981,-0.217,0.069,-0.001,0.010,0.182,0.000,-0.306,4992,5127;
156303,0.136,0.974,-0.234,0.040,-0.011,0.015,0.182,0.000,-0.306,4993,5118;
156323,0.136,0.985,-0.227,0.096,-0.004,0.025,0.182,0.000,-0.306,4990,5104;
156353,0.132,0.970,-0.227,0.102,-0.011,0.019,-0.091,-0.091,-0.306,4988,5094;
156383,0.136,0.970,-0.231,0.064,-0.025,0.012,-0.091,-0.091,-0.306,4986,5084;
156403,0.143,0.981,-0.241,0.076,-0.001,0.008,0.000,0.000,-0.204,4983,5071;
156433,0.143,0.981,-0.238,0.089,0.001,0.019,0.000,0.000,-0.204,4978,5059;
156463,0.132,0.974,-0.231,0.086,-0.022,0.018,0.000,0.000,-0.204,4962,5037;
156483,0.139,0.970,-0.241,0.059,-0.015,0.016,0.000,-0.091,-0.510,4970,5031;
156513,0.139,0.974,-0.238,0.067,-0.001,0.007,0.000,-0.091,-0.510,4965,5015;
156533,0.139,0.970,-0.238,0.073,0.008,0.012,-0.091,-0.091,-0.408,4960,4980;
156563,0.139,0.970,-0.244,0.052,-0.010,0.017,-0.091,-0.091,-0.408,4956,4983;
156583,0.143,0.974,-0.248,0.052,-0.010,0.011,-0.091,-0.091,-0.408,4950,4970;
156613,0.139,0.978,-0.244,0.093,-0.002,0.015,0.000,-0.091,-0.102,4951,4957;
156643,0.139,0.974,-0.238,0.079,0.005,0.016,0.000,-0.091,-0.102,4940,4934;
156663,0.139,0.963,-0.241,0.053,-0.006,0.013,0.000,-0.091,-0.102,4931,4924;
156693,0.143,0.974,-0.238,0.067,-0.015,0.010,0.182,-0.727,-2.143,4938,4919;
156713,0.147,0.974,-0.238,0.062,-0.007,0.006,0.182,-0.727,-2.143,4933,4907;
156743,0.136,0.970,-0.248,0.042,-0.008,0.005,0.091,0.182,-0.102,4930,4896;
156763,0.151,0.970,-0.241,0.047,-0.002,0.002,0.091,0.182,-0.102,4921,4884;
156793,0.143,0.970,-0.248,0.045,0.004,0.006,0.091,0.182,-0.102,4925,4875;
156813,0.143,0.963,-0.244,0.033,-0.005,-0.001,-0.091,-0.091,-0.204,4923,4869;
156843,0.139,0.963,-0.248,0.007,-0.004,-0.004,-0.091,-0.091,-0.204,4924,4865;
156873,0.139,0.974,-0.251,-0.002,0.005,-0.005,-0.091,-0.091,-0.204,4909,4852;
156893,0.158,0.985,-0.248,0.017,0.000,-0.011,0.000,-0.182,-1.122,4915,4854;
156923,0.124,0.955,-0.258,0.024,0.007,-0.018,0.000,-0.182,-1.122,4911,4859;
156943,0.143,0.966,-0.248,0.022,0.001,-0.012,0.182,-0.091,-0.102,4918,4859;
156973,0.147,0.970,-0.255,0.017,-0.007,-0.007,0.182,-0.091,-0.102,4916,4859;
156993,0.143,0.974,-0.244,0.018,0.004,-0.011,0.182,-0.091,-0.102,4915,4857;
157023,0.147,0.974,-0.244,0.030,0.010,-0.011,-0.091,-0.182,-0.204,4914,4857;
157043,0.136,0.970,-0.251,0.019,-0.001,-0.011,-0.091,-0.182,-0.204,4904,4856;
157073,0.136,0.978,-0.248,0.019,0.001,-0.008,-0.091,-0.182,-0.204,4913,4856;
157093,0.143,0.966,-0.248,0.004,-0.004,-0.012,0.091,0.182,-0.408,4909,4857;
157123,0.139,0.974,-0.251,0.027,0.002,-0.012,0.091,0.182,-0.408,4912,4856;
157153,0.139,0.978,-0.238,0.044,0.012,-0.004,-0.273,0.091,0.000,4902,4856;
157183,0.143,0.966,-0.241,0.012,-0.005,-0.017,-0.273,0.091,0.000,4910,4857;
157203,0.143,0.970,-0.244,0.002,0.002,-0.013,-0.273,0.091,0.000,4909,4859;
157233,0.136,0.974,-0.238,0.013,-0.007,0.001,-0.182,-0.091,0.000,4910,4861;
157263,0.139,0.970,-0.248,0.021,-0.011,0.001,-0.182,-0.091,0.000,4901,4831;
157293,0.136,0.963,-0.262,0.022,0.008,-0.010,-0.182,0.000,0.102,4906,4873;
157313,0.143,0.974,-0.244,0.025,0.010,-0.010,-0.182,0.000,0.102,4910,4882;
157343,0.139,0.966,-0.244,0.028,0.012,-0.008,-0.182,0.000,0.102,4909,4891;
157373,0.139,0.970,-0.244,0.035,0.005,-0.011,0.000,0.000,-0.102,4859,4902;
157393,0.136,0.970,-0.251,0.025,0.011,-0.012,0.000,0.000,-0.102,4906,4912;
157423,0.143,0.966,-0.244,0.022,0.019,-0.012,0.000,0.091,-0.204,4904,4915;
157443,0.139,0.966,-0.251,0.013,0.023,-0.011,0.000,0.091,-0.204,4890,4920;
157473,0.139,0.970,-0.244,0.006,0.010,-0.013,0.000,0.091,-0.204,4858,4925;
157503,0.139,0.981,-0.238,0.011,0.004,-0.013,-0.182,-0.091,-0.714,4905,4934;
157523,0.136,0.970,-0.234,0.007,0.004,-0.018,-0.182,-0.091,-0.714,4903,4951;
157553,0.143,0.970,-0.248,0.005,0.008,-0.008,-0.182,-0.091,-0.714,4903,4959;
157583,0.139,0.966,-0.244,0.012,0.011,-0.011,-0.091,-0.091,-0.102,4867,4964;
157603,0.132,0.978,-0.241,0.005,0.015,-0.012,-0.091,-0.091,-0.102,4886,4965;
157623,0.136,0.970,-0.241,0.001,0.005,-0.004,0.091,0.000,0.102,4901,4974;
157653,0.132,0.970,-0.248,-0.015,-0.001,-0.001,0.091,0.000,0.102,4900,4982;
157683,0.147,0.974,-0.248,0.015,-0.004,0.002,0.091,0.000,0.102,4860,4995;
157703,0.143,0.974,-0.238,0.018,-0.016,-0.012,-0.091,0.091,-0.510,4907,4987;
157733,0.139,0.989,-0.220,0.013,-0.021,-0.015,-0.091,0.091,-0.510,4817,5020;
157753,0.139,0.966,-0.241,0.010,-0.004,-0.006,-0.091,0.091,-0.510,4909,5024;
157783,0.139,0.970,-0.241,-0.002,-0.006,-0.001,-0.091,0.091,0.000,4864,5029;
157803,0.136,0.970,-0.244,-0.015,-0.016,0.001,-0.091,0.091,0.000,4918,5039;
157833,0.132,0.974,-0.248,0.000,-0.007,-0.001,-0.091,0.000,-0.510,4797,5042;
157863,0.136,0.966,-0.248,0.013,0.005,-0.007,-0.091,0.000,-0.510,4944,5055;
157883,0.143,0.970,-0.241,0.001,-0.006,-0.004,-0.091,0.000,-0.510,4916,5059;
157913,0.136,0.970,-0.244,-0.006,0.001,0.008,0.091,0.000,-0.408,4953,5065;
157933,0.136,0.981,-0.234,0.023,-0.008,0.000,0.091,0.000,-0.408,4955,5064;
157963,0.143,0.974,-0.241,-0.002,-0.006,-0.007,0.091,0.000,-0.408,4961,5069;
157983,0.147,0.989,-0.227,0.027,0.002,0.006,-0.182,0.091,-0.510,4956,5072;
158013,0.139,0.978,-0.234,0.008,-0.002,0.000,-0.182,0.091,-0.510,4973,5073;
158033,0.139,0.974,-0.234,-0.006,-0.017,-0.006,-0.182,0.273,-0.306,4981,5075;
158073,0.132,0.978,-0.241,0.016,0.002,-0.004,-0.182,0.273,-0.306,4954,5081;
158093,0.139,0.978,-0.234,0.033,-0.002,0.000,-0.182,0.273,-0.306,4990,5083;
158123,0.139,0.970,-0.241,0.028,0.004,0.002,-0.182,-0.273,-0.204,4993,5083;
158143,0.132,0.966,-0.241,0.005,-0.005,-0.002,-0.182,-0.273,-0.204,4988,5087;
158173,0.139,0.970,-0.241,0.019,0.005,-0.008,-0.091,-0.182,-0.204,4993,5085;
158203,0.147,0.978,-0.234,0.029,0.005,-0.004,-0.091,-0.182,-0.204,4987,5089;
158223,0.136,0.970,-0.248,0.015,0.005,-0.006,-0.091,-0.182,-0.204,4987,5089;
158253,0.139,0.970,-0.241,0.018,0.011,-0.005,0.000,0.000,-0.306,4986,5082;
158283,0.143,0.974,-0.234,0.035,0.019,-0.002,0.000,0.000,-0.306,4982,5064;
158303,0.143,0.981,-0.224,0.035,0.011,-0.004,-0.091,0.000,-0.816,4944,5065;
158333,0.136,0.970,-0.241,0.033,0.012,-0.001,-0.091,0.000,-0.816,4968,5062;
158353,0.143,0.966,-0.234,0.023,0.002,-0.006,-0.091,0.000,-0.816,4969,5053;
158383,0.139,0.970,-0.244,0.033,0.005,0.000,-0.091,0.182,-0.408,4966,5004;
158413,0.139,0.974,-0.248,0.034,0.013,0.006,-0.091,0.182,-0.408,4964,5021;
158433,0.143,0.959,-0.244,0.040,0.006,0.001,-0.091,0.182,-0.408,4960,5021;
158463,0.143,0.970,-0.234,0.034,-0.007,0.005,0.000,-0.273,-0.204,4957,5013;
158493,0.154,0.989,-0.234,0.019,0.000,-0.001,0.000,-0.273,-0.204,4953,4989;
158513,0.136,0.966,-0.241,0.013,0.008,0.007,-0.273,-0.091,-0.714,4954,4997;
158543,0.139,0.978,-0.224,0.023,0.005,0.005,-0.273,-0.091,-0.714,4950,5001;
158573,0.132,0.974,-0.238,0.024,0.006,0.005,-0.273,-0.091,-0.714,4946,4997;
158593,0.139,0.970,-0.241,0.027,0.007,0.007,-0.091,0.091,-0.714,4942,4993;
158623,0.139,0.970,-0.244,0.022,-0.002,0.005,-0.091,0.091,-0.714,4938,4989;
158653,0.128,0.970,-0.244,0.022,0.013,-0.001,0.364,0.000,1.224,4933,4982;
158673,0.147,0.974,-0.241,0.016,0.004,0.000,0.364,0.000,1.224,4925,4974;
158703,0.143,0.978,-0.238,0.029,0.017,0.001,0.364,0.000,1.224,4877,4968;
158733,0.139,0.963,-0.244,0.010,0.016,-0.006,0.000,0.000,-0.204,4922,4957;
158763,0.147,0.978,-0.251,0.032,0.019,0.000,0.000,0.000,-0.204,4920,4948;
158783,0.139,0.974,-0.238,0.055,0.022,0.001,0.091,-0.091,0.102,4918,4936;
158813,0.139,0.974,-0.238,0.017,-0.005,-0.008,0.091,-0.091,0.102,4918,4923;
158833,0.139,0.970,-0.244,0.016,0.001,-0.012,0.091,-0.091,0.102,4916,4902;
158863,0.139,0.974,-0.238,0.023,-0.001,0.004,-0.091,0.000,0.000,4893,4902;
158883,0.139,0.970,-0.234,0.024,-0.013,0.011,-0.091,0.000,0.000,4915,4890;
158913,0.147,0.978,-0.241,0.030,0.012,0.000,-0.091,0.000,0.000,4912,4883;
158943,0.143,0.974,-0.241,0.042,0.016,-0.001,0.000,0.000,0.306,4912,4874;
158963,0.136,0.974,-0.241,0.035,0.007,0.001,0.000,0.000,0.306,4895,4868;
158993,0.139,0.970,-0.234,0.076,0.019,0.017,0.182,0.000,0.204,4911,4860;
159023,0.151,0.959,-0.248,0.044,-0.034,0.021,0.182,0.000,0.204,4912,4865;
159043,0.143,0.963,-0.241,0.058,-0.017,0.011,0.182,0.000,0.204,4906,4862;
159073,0.136,0.970,-0.248,0.059,0.007,0.004,-0.182,0.182,-0.918,4901,4856;
159103,0.154,0.985,-0.244,0.055,0.017,-0.013,-0.182,0.182,-0.918,4904,4835;
159123,0.158,0.955,-0.238,0.044,0.002,-0.027,0.091,-0.091,-0.102,4898,4853;
159153,0.162,0.963,-0.251,0.006,0.004,-0.023,0.091,-0.091,-0.102,4895,4851;
159173,0.154,0.978,-0.244,0.017,0.005,-0.017,0.091,-0.091,-0.102,4891,4840;
159203,0.143,0.974,-0.241,0.035,-0.002,-0.013,-0.091,0.000,-1.531,4888,4820;
159223,0.132,0.970,-0.241,0.029,0.017,-0.027,-0.091,0.000,-1.531,4889,4840;
159253,0.139,0.974,-0.234,0.036,0.023,-0.016,-0.091,0.000,-1.531,4888,4835;
159283,0.143,0.974,-0.238,0.030,-0.006,-0.002,0.091,-0.091,-0.306,4882,4828;
159303,0.139,0.966,-0.258,0.022,-0.011,-0.002,0.091,-0.091,-0.306,4860,4796;
159333,0.147,0.981,-0.258,0.019,-0.008,-0.023,0.000,0.636,1.020,4896,4818;
159363,0.151,0.981,-0.248,0.040,-0.004,-0.025,0.000,0.636,1.020,4895,4815;
159383,0.139,0.974,-0.231,0.050,-0.004,-0.012,0.000,0.636,1.020,4891,4812;
159413,0.139,0.963,-0.244,0.025,-0.019,-0.011,0.000,0.273,-0.714,4877,4812;
159443,0.147,0.955,-0.255,0.013,0.013,-0.016,0.000,0.273,-0.714,4901,4813;
159463,0.139,0.978,-0.248,0.024,0.021,-0.015,0.091,0.273,-0.102,4906,4815;
159493,0.132,0.970,-0.251,0.024,0.000,-0.001,0.091,0.273,-0.102,4903,4809;
159523,0.136,0.963,-0.265,-0.013,-0.004,-0.005,0.091,0.273,-0.102,4886,4823;
159543,0.139,0.963,-0.248,-0.021,-0.005,-0.006,0.182,1.000,1.735,4944,4827;
159573,0.132,0.981,-0.234,0.002,-0.008,-0.011,0.182,1.000,1.735,4950,4834;
159593,0.147,0.970,-0.238,-0.012,-0.008,-0.018,0.091,-0.091,-0.102,4971,4840;
159623,0.147,0.974,-0.248,-0.008,0.007,-0.015,0.091,-0.091,-0.102,4936,4843;
159643,0.139,0.978,-0.234,0.029,0.007,-0.012,0.091,-0.091,-0.102,4986,4847;
159673,0.147,0.974,-0.241,0.012,-0.008,-0.017,0.091,0.000,-0.204,4993,4847;
159703,0.143,0.970,-0.255,0.000,-0.006,-0.017,0.091,0.000,-0.204,5001,4850;
159733,0.136,0.970,-0.231,-0.002,-0.015,-0.001,-0.182,-0.727,-1.735,5007,4869;
159753,0.139,0.978,-0.244,0.013,-0.019,-0.004,-0.182,-0.727,-1.735,5017,4870;
159783,0.132,0.966,-0.241,0.023,0.010,-0.006,-0.182,-0.727,-1.735,5025,4874;
159803,0.136,0.974,-0.238,0.016,0.007,-0.001,-0.182,0.000,-0.102,5035,4875;
159833,0.128,0.970,-0.238,0.001,0.001,0.010,-0.182,0.000,-0.102,5049,4873;
159863,0.136,0.970,-0.238,-0.010,-0.005,0.015,-0.182,0.000,-0.102,5028,4814;
159883,0.136,0.955,-0.255,-0.015,-0.005,0.004,0.000,1.000,0.612,4961,4873;
159913,0.162,0.970,-0.241,0.017,0.023,-0.013,0.000,1.000,0.612,5077,4874;
159943,0.147,0.970,-0.238,0.015,0.022,-0.012,0.182,0.182,-0.204,5100,4876;
159963,0.128,0.974,-0.238,0.000,0.021,-0.007,0.182,0.182,-0.204,5104,4875;
159993,0.136,0.978,-0.238,-0.027,0.015,-0.002,0.182,0.182,-0.204,5113,4876;
160023,0.128,0.974,-0.238,-0.013,0.011,-0.008,0.000,0.000,-0.306,5122,4873;
160043,0.117,0.963,-0.241,0.010,0.018,0.001,0.000,0.000,-0.306,5131,4877;
160073,0.128,0.970,-0.238,0.018,0.011,0.002,0.000,0.000,-0.306,5139,4878;
160093,0.136,0.974,-0.238,0.013,0.011,0.002,0.000,0.000,-0.306,5133,4876;
160123,0.143,0.970,-0.241,0.005,0.001,0.012,0.000,0.000,-0.306,5157,4847;
160153,0.143,0.970,-0.238,-0.004,-0.002,0.013,0.091,0.182,1.633,5184,4884;
160173,0.154,0.974,-0.241,0.004,0.002,0.005,0.091,0.182,1.633,5203,4889;
160203,0.151,0.974,-0.234,0.012,0.001,-0.004,0.091,0.182,1.633,5216,4893;
160223,0.139,0.974,-0.234,0.007,0.002,-0.007,0.091,-0.091,0.408,5227,4881;
160253,0.143,0.970,-0.234,0.002,0.002,-0.007,0.091,-0.091,0.408,5234,4915;
160283,0.143,0.974,-0.227,0.002,0.002,-0.012,-0.091,0.000,-0.510,5238,4925;
160313,0.136,0.981,-0.234,0.015,0.010,-0.015,-0.091,0.000,-0.510,5233,4926;
160333,0.136,0.981,-0.244,0.032,0.006,-0.001,-0.091,0.000,-0.510,5190,4933;
160363,0.136,0.974,-0.234,0.024,-0.001,0.001,-0.091,0.000,-0.408,5236,4930;
160393,0.128,0.978,-0.234,0.030,-0.007,0.006,-0.091,0.000,-0.408,5230,4928;
160413,0.139,0.974,-0.231,0.046,-0.007,0.013,-0.091,-0.182,-0.612,5226,4926;
160443,0.136,0.974,-0.251,0.025,0.000,0.005,-0.091,-0.182,-0.612,5177,4916;
160463,0.147,0.985,-0.241,0.083,-0.005,0.002,-0.091,-0.182,-0.612,5228,4899;
160493,0.162,0.978,-0.244,0.078,-0.013,-0.016,0.000,0.182,-0.510,5222,4888;
160523,0.151,0.963,-0.234,0.039,-0.035,-0.013,0.000,0.182,-0.510,5208,4880;
160543,0.139,0.970,-0.234,0.044,-0.006,-0.002,0.091,-0.091,-0.306,5146,4880;
160573,0.158,0.978,-0.238,0.030,-0.013,0.000,0.091,-0.091,-0.306,5203,4878;
160593,0.147,0.974,-0.241,0.032,-0.010,-0.010,0.091,-0.091,-0.306,5199,4877;
160623,0.128,0.974,-0.244,0.051,-0.005,-0.018,-0.091,0.182,-0.204,5188,4875;
160643,0.124,0.966,-0.238,0.053,-0.023,-0.015,-0.091,0.182,-0.204,5125,4873;
160673,0.132,0.966,-0.248,0.050,-0.018,-0.007,-0.091,0.182,-0.204,5156,4871;
160693,0.128,0.970,-0.248,0.036,-0.002,0.000,0.091,0.000,-0.306,5139,4868;
160723,0.136,0.970,-0.251,0.035,0.002,0.004,0.091,0.000,-0.306,5124,4863;
160743,0.136,0.978,-0.241,0.050,0.015,-0.006,0.091,0.000,-0.306,5067,4849;
160773,0.139,0.981,-0.244,0.049,0.021,-0.018,-0.091,1.182,0.102,5066,4841;
160803,0.143,0.985,-0.251,0.053,0.023,-0.011,-0.091,1.182,0.102,5063,4835;
160823,0.147,0.981,-0.251,0.049,-0.001,0.006,-0.182,0.091,-0.714,5061,4838;
160853,0.139,0.966,-0.231,0.034,-0.019,0.012,-0.182,0.091,-0.714,5001,4835;
160873,0.151,0.966,-0.241,0.062,0.002,0.011,-0.182,0.091,-0.714,5031,4831;
160903,0.151,0.966,-0.251,0.052,-0.010,0.015,0.091,-0.091,-0.204,5017,4821;
160933,0.139,0.970,-0.248,0.024,-0.021,0.019,0.091,-0.091,-0.204,4972,4821;
160963,0.132,0.970,-0.244,0.034,-0.008,0.017,-0.182,0.000,-0.408,4994,4820;
160983,0.136,0.970,-0.255,0.025,-0.015,0.021,-0.182,0.000,-0.408,4989,4815;
161013,0.139,0.966,-0.251,0.012,-0.008,0.015,-0.182,0.000,-0.408,4987,4811;
161033,0.136,0.974,-0.248,0.011,0.001,0.012,0.091,0.000,-0.918,4975,4808;
161063,0.151,0.970,-0.241,0.044,-0.023,0.012,0.091,0.000,-0.918,4978,4807;
161093,0.139,0.963,-0.244,0.029,-0.044,0.022,0.000,0.091,0.000,4977,4806;
161113,0.143,0.978,-0.255,0.004,-0.064,0.023,0.000,0.091,0.000,4975,4804;
161143,0.166,0.963,-0.241,0.016,-0.119,0.034,0.000,0.091,0.000,4963,4811;
161173,0.162,0.963,-0.238,0.013,-0.085,0.032,0.000,0.000,-0.408,4967,4810;
161193,0.147,0.974,-0.244,0.033,-0.022,0.008,0.000,0.000,-0.408,4965,4815;
161223,0.147,0.966,-0.244,0.050,-0.002,0.000,0.000,0.000,-0.408,4965,4812;
161243,0.147,0.966,-0.251,0.030,-0.050,0.004,-0.091,0.000,-0.306,4965,4799;
161273,0.158,0.996,-0.227,0.040,-0.021,-0.004,-0.091,0.000,-0.306,4964,4807;
161293,0.147,0.966,-0.244,0.041,0.013,-0.018,-0.182,0.182,0.000,4957,4806;
161323,0.147,0.963,-0.238,0.040,-0.004,0.002,-0.182,0.182,0.000,4959,4803;
161343,0.143,0.959,-0.258,0.023,-0.015,0.008,-0.182,0.182,0.000,4959,4799;
161373,0.143,0.981,-0.269,0.012,0.035,-0.034,0.000,0.000,-0.714,4956,4793;
161403,0.132,0.966,-0.238,0.061,0.050,-0.025,0.000,0.000,-0.714,4937,4776;
161433,0.151,0.963,-0.244,0.033,0.010,-0.004,-0.091,0.182,0.102,4953,4785;
161453,0.151,0.966,-0.262,0.005,0.057,-0.023,-0.091,0.182,0.102,4953,4764;
161483,0.147,0.966,-0.251,0.010,0.066,-0.025,-0.091,0.182,0.102,4951,4783;
161503,0.139,0.963,-0.248,0.007,0.036,-0.025,-0.182,0.000,0.000,4957,4779;
161533,0.143,0.970,-0.255,-0.005,0.041,-0.035,-0.182,0.000,0.000,4962,4787;
161563,0.143,0.974,-0.248,0.011,0.050,-0.028,-0.091,0.364,-0.102,4954,4792;
161593,0.136,0.966,-0.248,0.012,0.038,-0.027,-0.091,0.364,-0.102,4972,4803;
161613,0.147,0.970,-0.251,0.007,0.018,-0.019,-0.091,0.364,-0.102,4974,4818;
161643,0.154,0.970,-0.234,-0.011,-0.006,-0.011,-0.364,0.091,-0.102,4977,4833;
161663,0.128,0.974,-0.238,0.007,-0.012,0.000,-0.364,0.091,-0.102,4957,4854;
161693,0.132,0.970,-0.251,0.007,-0.008,-0.004,-0.364,0.091,-0.102,4986,4874;
161713,0.151,0.970,-0.258,-0.004,0.012,-0.002,-0.091,0.091,-0.306,4993,4889;
161753,0.139,0.963,-0.241,0.002,-0.001,-0.002,-0.091,0.091,-0.306,4992,4908;
161773,0.128,0.966,-0.244,0.004,-0.006,-0.005,-0.091,0.364,0.408,4961,4924;
161803,0.143,0.970,-0.241,-0.004,-0.011,0.005,-0.091,0.364,0.408,5019,4945;
161823,0.139,0.974,-0.255,-0.006,0.008,0.001,-0.091,0.364,0.408,5024,4958;
161853,0.139,0.966,-0.251,-0.015,-0.005,0.006,-0.091,0.091,-0.306,5043,4977;
161873,0.132,0.959,-0.248,-0.069,-0.063,0.046,-0.091,0.091,-0.306,5029,5018;
161903,0.132,0.974,-0.262,-0.129,-0.112,0.063,-0.091,0.091,-0.306,5118,5064;
161923,0.143,0.985,-0.241,-0.091,-0.067,0.010,0.000,0.091,-0.204,5139,5095;
161953,0.151,0.974,-0.224,-0.010,0.040,-0.025,0.000,0.091,-0.204,5149,5089;
161983,0.147,0.963,-0.220,-0.002,0.004,-0.010,0.091,0.182,-0.306,5136,5114;
162003,0.147,0.970,-0.227,-0.010,0.007,0.002,0.091,0.182,-0.306,5189,5175;
162033,0.154,0.981,-0.227,0.011,0.038,-0.002,0.091,0.182,-0.306,5207,5187;
162063,0.147,0.981,-0.231,0.027,0.021,-0.001,-0.091,-0.091,-0.102,5213,5146;
162083,0.147,0.970,-0.231,0.016,-0.004,-0.007,-0.091,-0.091,-0.102,5172,5205;
162113,0.143,0.978,-0.234,0.038,0.008,-0.006,-0.182,-0.091,-0.204,5216,5203;
162133,0.151,0.981,-0.231,0.021,0.018,0.001,-0.182,-0.091,-0.204,5222,5197;
162163,0.136,0.959,-0.244,0.012,0.023,0.011,-0.182,-0.091,-0.204,5226,5190;
162193,0.154,0.974,-0.224,0.041,0.017,0.000,0.182,-0.091,-0.510,5215,5173;
162213,0.139,0.963,-0.238,0.023,0.023,-0.018,0.182,-0.091,-0.510,5223,5167;
162243,0.143,0.978,-0.241,0.011,0.033,-0.010,0.182,-0.091,-0.510,5221,5157;
162273,0.147,0.974,-0.227,0.021,0.017,0.007,0.000,0.091,-0.408,5216,5144;
162293,0.143,0.970,-0.231,0.032,0.025,-0.004,0.000,0.091,-0.408,5209,5124;
162323,0.151,0.974,-0.241,0.028,0.032,-0.012,0.000,0.182,-0.612,5189,5102;
162353,0.147,0.978,-0.224,0.027,0.025,-0.012,0.000,0.182,-0.612,5186,5089;
162383,0.143,0.978,-0.234,0.040,0.011,-0.002,0.091,-0.182,0.408,5179,5055;
162403,0.147,0.974,-0.231,0.038,-0.012,-0.004,0.091,-0.182,0.408,5172,5064;
162433,0.143,0.970,-0.234,0.019,-0.006,-0.012,0.091,-0.182,0.408,5164,5055;
162463,0.147,0.981,-0.241,0.053,-0.029,-0.005,-0.091,-0.182,0.102,5156,5047;
162483,0.143,0.970,-0.238,0.052,-0.058,0.006,-0.091,-0.182,0.102,5141,5039;
162513,0.136,0.970,-0.238,0.005,-0.085,0.011,-0.091,-0.182,0.102,5126,5034;
162543,0.139,0.974,-0.224,0.013,-0.050,0.006,-0.091,0.000,-0.204,5108,5026;
162573,0.147,0.978,-0.234,0.023,-0.023,0.000,-0.091,0.000,-0.204,5042,5018;
162603,0.139,0.974,-0.241,0.032,-0.007,-0.002,-0.091,0.091,-0.306,5085,5014;
162623,0.143,0.970,-0.241,0.030,-0.022,-0.002,-0.091,0.091,-0.306,5077,5010;
162653,0.151,0.970,-0.231,0.032,-0.021,0.004,-0.091,0.091,-0.306,5069,5005;
162673,0.151,0.970,-0.231,0.025,0.001,-0.005,-0.091,-0.273,-0.408,5061,4999;
162703,0.139,0.974,-0.231,0.027,0.010,-0.004,-0.091,-0.273,-0.408,5053,4995;
162723,0.147,0.974,-0.231,0.047,-0.016,0.002,0.091,-0.091,-0.408,5040,4998;
162753,0.139,0.981,-0.220,0.108,0.013,0.017,0.091,-0.091,-0.408,5042,4996;
162783,0.158,0.974,-0.251,0.042,-0.015,0.010,0.091,-0.091,-0.408,5014,5004;
162813,0.154,0.955,-0.241,0.022,0.029,-0.004,0.091,0.455,-0.102,5043,5020;
162833,0.143,0.970,-0.244,0.015,0.042,0.002,0.091,0.455,-0.102,5040,5019;
162863,0.136,0.970,-0.241,0.011,0.022,0.005,0.273,0.000,-0.408,5039,5019;
162883,0.139,0.974,-0.238,0.018,0.011,-0.002,0.273,0.000,-0.408,5031,4994;
162913,0.143,0.970,-0.241,0.011,0.010,0.001,0.273,0.000,-0.408,5035,5009;
162933,0.151,0.978,-0.238,0.005,0.015,0.013,0.000,0.182,-0.510,5032,5000;
162963,0.147,0.974,-0.220,0.006,-0.001,0.016,0.000,0.182,-0.510,5020,4987;
162993,0.151,0.970,-0.241,-0.005,-0.010,0.011,0.000,0.000,-0.714,4984,4974;
163023,0.154,0.981,-0.234,0.027,0.000,0.017,0.000,0.000,-0.714,5027,4962;
163043,0.154,0.974,-0.238,0.028,-0.030,0.013,0.000,0.000,-0.714,5025,4947;
163073,0.147,0.966,-0.244,0.005,-0.028,-0.002,-0.091,0.000,0.102,5021,4934;
163093,0.151,0.974,-0.241,0.007,-0.029,0.012,-0.091,0.000,0.102,5022,4902;
163123,0.147,0.981,-0.241,0.022,-0.025,0.007,-0.091,0.000,0.102,5021,4906;
163153,0.154,0.989,-0.231,0.025,-0.021,-0.004,0.000,-0.091,-0.102,4995,4892;
163173,0.147,0.970,-0.231,0.023,-0.015,-0.005,0.000,-0.091,-0.102,5018,4894;
163203,0.143,0.974,-0.234,0.021,-0.008,-0.004,0.273,0.000,-0.408,5016,4868;
163223,0.147,0.970,-0.234,0.024,-0.002,-0.004,0.273,0.000,-0.408,5014,4883;
163253,0.151,0.970,-0.238,0.022,-0.002,-0.006,0.273,0.000,-0.408,5011,4879;
163273,0.154,0.970,-0.234,0.029,0.006,-0.011,0.000,0.091,-0.408,5010,4877;
163303,0.151,0.970,-0.234,0.036,0.015,-0.010,0.000,0.091,-0.408,5008,4861;
163333,0.166,0.978,-0.234,0.032,0.024,-0.010,0.000,0.091,-0.408,5007,4870;
163363,0.147,0.959,-0.248,0.016,0.033,-0.022,0.091,0.000,-0.408,4995,4869;
163383,0.136,0.959,-0.251,0.019,0.034,-0.022,0.091,0.000,-0.408,5005,4875;
163413,0.151,0.974,-0.238,0.021,0.040,-0.022,0.182,0.091,-0.612,4955,4876;
163433,0.151,0.966,-0.234,0.027,0.056,-0.028,0.182,0.091,-0.612,5001,4877;
163463,0.147,0.966,-0.241,0.008,0.072,-0.025,0.182,0.091,-0.612,5006,4879;
163493,0.143,0.970,-0.244,0.013,0.073,-0.023,-0.182,0.273,-0.204,5007,4880;
163513,0.136,0.981,-0.244,0.013,0.063,-0.024,-0.182,0.273,-0.204,4959,4883;
163543,0.143,0.970,-0.234,0.028,0.063,-0.021,0.091,0.091,0.204,4992,4886;
163573,0.147,0.970,-0.238,0.013,0.046,-0.015,0.091,0.091,0.204,4977,4898;
163593,0.147,0.970,-0.231,0.017,0.047,-0.016,0.091,0.091,0.204,5005,4907;
163623,0.151,0.978,-0.238,0.021,0.049,-0.021,0.182,-0.455,-0.306,5011,4920;
163653,0.147,0.981,-0.234,0.016,0.027,-0.007,0.182,-0.455,-0.306,5012,4934;
163673,0.154,0.970,-0.227,0.017,0.010,-0.011,0.182,-0.091,-0.510,5013,4951;
163703,0.147,0.970,-0.231,0.015,0.016,-0.017,0.182,-0.091,-0.510,5012,4972;
163723,0.151,0.974,-0.234,0.019,0.015,-0.019,0.182,-0.091,-0.510,5012,4997;
163763,0.143,0.978,-0.238,0.018,0.000,-0.018,0.091,-0.182,-0.204,5002,5034;
163793,0.147,0.970,-0.241,0.027,0.010,-0.019,0.091,-0.182,-0.204,5005,5051;
163813,0.143,0.970,-0.234,0.010,0.012,-0.015,-0.182,-0.182,-0.510,5013,5054;
163843,0.139,0.963,-0.234,0.015,0.006,-0.012,-0.182,-0.182,-0.510,5013,5102;
163863,0.143,0.978,-0.238,0.007,0.012,-0.023,-0.182,-0.182,-0.510,5021,5115;
163893,0.143,0.974,-0.244,0.027,0.036,-0.015,-0.091,0.000,-0.306,5024,5124;
163913,0.143,0.970,-0.234,0.018,0.021,-0.015,-0.091,0.000,-0.306,5026,5116;
163943,0.143,0.989,-0.217,-0.017,0.008,-0.018,-0.091,0.000,-0.306,5031,5142;
163973,0.139,0.974,-0.238,-0.002,0.019,-0.015,0.000,0.091,-1.020,5028,5155;
164003,0.139,0.966,-0.234,0.005,0.007,-0.010,0.000,0.091,-1.020,5033,5170;
164023,0.151,0.985,-0.231,0.029,0.019,-0.013,0.000,0.182,-0.306,4976,5169;
164053,0.143,0.974,-0.224,0.036,0.046,-0.019,0.000,0.182,-0.306,5019,5168;
164073,0.143,0.970,-0.220,0.028,0.035,0.007,0.000,0.182,-0.306,5015,5172;
164103,0.147,0.978,-0.234,0.006,-0.012,0.017,0.000,0.455,0.000,5011,5176;
164133,0.154,0.974,-0.234,0.007,0.000,-0.002,0.000,0.455,0.000,4958,5180;
164153,0.147,0.974,-0.231,0.024,0.018,-0.006,0.000,0.000,-0.306,4989,5179;
164183,0.151,0.970,-0.234,0.017,0.002,0.005,0.000,0.000,-0.306,5003,5174;
164213,0.162,1.000,-0.217,0.012,0.006,0.006,0.000,0.000,-0.306,5005,5179;
164243,0.154,0.981,-0.227,0.017,0.012,-0.004,-0.091,-0.545,-0.306,5005,5172;
164263,0.147,0.974,-0.227,0.021,0.001,-0.010,-0.091,-0.545,-0.306,5003,5166;
164293,0.143,0.974,-0.227,0.028,-0.001,-0.006,0.000,0.091,-0.408,5001,5158;
164323,0.147,0.974,-0.227,0.018,0.006,-0.001,0.000,0.091,-0.408,4994,5147;
164343,0.143,0.978,-0.231,0.032,0.005,-0.004,0.000,0.091,-0.408,4995,5130;
164373,0.147,0.974,-0.227,0.030,-0.008,0.000,0.091,0.000,-0.408,4991,5121;
164393,0.154,0.970,-0.231,0.024,-0.005,0.000,0.091,0.000,-0.408,4957,5101;
164423,0.147,0.966,-0.238,0.032,0.004,-0.001,0.091,0.182,0.204,4983,5076;
164453,0.136,0.963,-0.241,0.041,0.006,-0.001,0.091,0.182,0.204,4978,5086;
164473,0.147,0.974,-0.231,0.049,-0.005,-0.001,0.091,0.182,0.204,4974,5075;
164503,0.147,0.974,-0.238,0.033,-0.005,-0.008,-0.091,0.000,-0.408,4956,5066;
164523,0.147,0.970,-0.234,0.023,0.000,-0.006,-0.091,0.000,-0.408,4965,5058;
164553,0.154,0.974,-0.234,0.019,0.001,-0.011,-0.091,0.000,-0.408,4960,5041;
164573,0.151,0.981,-0.231,0.045,0.000,-0.010,-0.182,-0.091,-0.102,4945,5028;
164603,0.139,0.970,-0.234,0.051,-0.007,-0.002,-0.182,-0.091,-0.102,4933,5020;
164633,0.151,0.970,-0.241,0.032,-0.011,-0.005,-0.273,-0.091,-0.204,4941,4990;
164653,0.151,0.974,-0.231,0.062,0.000,-0.006,-0.273,-0.091,-0.204,4924,4999;
164683,0.151,0.970,-0.231,0.067,-0.011,-0.008,-0.273,-0.091,-0.204,4920,4988;
164703,0.143,0.974,-0.241,0.075,-0.023,0.008,0.000,0.091,0.000,4915,4970;
164733,0.143,0.970,-0.238,0.072,-0.004,0.015,0.000,0.091,0.000,4908,4932;
164763,0.154,0.974,-0.234,0.035,-0.008,0.005,0.000,0.091,0.000,4894,4929;
164783,0.143,0.974,-0.244,0.050,-0.004,-0.006,-0.182,0.182,-0.306,4896,4907;
164813,0.158,0.985,-0.238,0.059,-0.017,0.008,-0.182,0.182,-0.306,4877,4907;
164843,0.151,0.974,-0.244,0.039,-0.019,0.012,0.000,0.091,-0.510,4889,4891;
164863,0.143,0.970,-0.241,0.032,-0.006,0.001,0.000,0.091,-0.510,4889,4878;
164893,0.143,0.970,-0.238,0.053,0.004,0.000,0.000,0.091,-0.510,4886,4867;
164913,0.143,0.974,-0.234,0.056,-0.005,0.004,-0.091,0.182,-1.020,4882,4856;
164943,0.151,0.974,-0.244,0.040,-0.010,0.006,-0.091,0.182,-1.020,4881,4826;
164963,0.151,0.974,-0.244,0.018,-0.008,0.002,0.091,0.000,0.204,4854,4837;
164993,0.151,0.974,-0.244,0.022,-0.019,0.000,0.091,0.000,0.204,4852,4836;
165023,0.154,0.970,-0.248,0.041,-0.008,0.001,0.091,0.000,0.204,4875,4830;
165043,0.147,0.974,-0.248,0.045,0.000,-0.001,0.182,-0.182,-0.204,4826,4820;
165073,0.151,0.970,-0.241,0.035,-0.004,-0.001,0.182,-0.182,-0.204,4874,4818;
165093,0.147,0.970,-0.238,0.019,-0.011,0.004,0.182,-0.182,-0.204,4873,4812;
165123,0.143,0.970,-0.241,0.029,0.001,0.002,0.091,-0.182,-0.510,4872,4809;
165143,0.151,0.978,-0.244,0.023,-0.005,0.000,0.091,-0.182,-0.510,4871,4803;
165183,0.147,0.970,-0.248,0.025,0.001,0.000,-0.182,0.091,-0.306,4861,4791;
165203,0.143,0.970,-0.241,0.019,-0.007,0.005,-0.182,0.091,-0.306,4870,4796;
165233,0.151,0.966,-0.244,-0.002,-0.016,0.002,-0.182,0.091,-0.306,4870,4796;
165253,0.154,0.970,-0.248,-0.004,-0.008,-0.006,0.091,-0.091,-0.408,4821,4796;
165283,0.154,0.970,-0.244,0.017,0.004,-0.008,0.091,-0.091,-0.408,4868,4797;
165303,0.147,0.966,-0.248,0.018,0.008,-0.015,0.000,-0.182,-0.408,4867,4798;
165333,0.147,0.966,-0.244,0.008,0.007,-0.012,0.000,-0.182,-0.408,4867,4800;
165353,0.154,0.970,-0.244,0.006,0.010,-0.010,0.000,-0.182,-0.408,4811,4799;
165383,0.151,0.974,-0.238,0.017,0.011,-0.012,-0.091,0.182,-0.408,4865,4807;
165413,0.143,0.970,-0.238,0.010,0.000,-0.011,-0.091,0.182,-0.408,4865,4808;
165443,0.143,0.970,-0.238,0.000,0.005,-0.013,-0.091,0.182,-25.918,4865,4825;
165463,0.143,0.970,-0.244,0.007,0.010,-0.010,-0.091,0.182,0.204,4866,4841;
165493,0.143,0.974,-0.241,0.016,-0.001,-0.011,-0.091,0.182,0.204,4869,4856;
165513,0.147,0.970,-0.241,0.006,-0.016,-0.008,0.182,-0.091,-0.612,4874,4865;
165543,0.147,0.970,-0.241,0.016,0.012,-0.011,0.182,-0.091,-0.612,4876,4877;
165563,0.151,0.970,-0.234,0.007,0.010,-0.011,0.182,-0.091,-0.612,4833,4892;
165603,0.147,0.970,-0.244,0.007,0.008,-0.006,-0.182,0.000,-0.102,4889,4921;
165623,0.158,0.981,-0.238,0.039,0.000,-0.007,-0.182,0.000,-0.102,4897,4947;
165653,0.147,0.963,-0.238,-0.010,-0.010,-0.019,0.182,0.000,-0.408,4909,4962;
165673,0.154,0.978,-0.241,-0.001,0.017,-0.023,0.182,0.000,-0.408,4918,4986;
165703,0.143,0.981,-0.241,0.012,0.000,-0.010,0.182,0.000,-0.408,4921,5009;
165723,0.143,0.978,-0.234,0.025,-0.008,-0.010,0.182,0.091,-0.306,4925,5024;
165753,0.147,0.970,-0.234,0.022,-0.001,-0.012,0.182,0.091,-0.306,4930,5035;
165783,0.143,0.970,-0.234,0.008,0.007,-0.012,0.182,0.000,-0.306,4910,5053;
165803,0.143,0.974,-0.238,0.013,0.002,-0.007,-0.091,0.000,-0.102,4935,5083;
165833,0.147,0.970,-0.234,0.011,-0.022,0.000,-0.091,0.000,-0.102,4941,5114;
165853,0.143,0.970,-0.234,0.012,-0.028,0.002,-0.091,-0.091,-0.204,4958,5122;
165883,0.143,0.966,-0.244,-0.027,-0.049,0.030,-0.091,-0.091,-0.204,4997,5159;
165903,0.143,0.978,-0.241,-0.074,-0.041,0.038,-0.091,-0.091,-0.204,5042,5173;
165933,0.151,0.985,-0.238,0.005,0.006,-0.004,-0.091,-0.182,-0.612,5056,5178;
165953,0.147,0.974,-0.234,0.051,0.025,-0.032,-0.091,-0.182,-0.612,5067,5178;
165993,0.147,0.974,-0.241,0.030,-0.011,-0.012,0.091,0.182,-1.327,5071,5187;
166013,0.147,0.970,-0.241,-0.004,-0.036,0.017,0.091,0.182,-1.327,5108,5206;
166043,0.154,0.974,-0.231,0.007,0.000,-0.002,0.091,0.182,-1.327,5108,5218;
166063,0.147,0.970,-0.227,0.024,0.016,-0.021,0.182,0.000,0.102,5119,5205;
166093,0.143,0.978,-0.234,0.022,0.000,-0.012,0.182,0.000,0.102,5132,5235;
166113,0.143,0.978,-0.234,0.018,-0.005,0.004,0.182,0.000,0.102,5138,5248;
166143,0.147,0.970,-0.234,0.011,-0.001,-0.005,0.000,0.000,-0.102,5144,5257;
166163,0.154,0.974,-0.234,0.019,0.007,-0.011,0.000,0.000,-0.102,5149,5237;
166203,0.139,0.963,-0.234,0.018,-0.001,-0.007,0.000,0.000,-0.408,5154,5264;
166223,0.143,0.970,-0.241,0.010,-0.002,-0.005,0.000,0.000,-0.408,5156,5280;
166253,0.147,0.974,-0.238,0.011,0.001,-0.008,0.000,0.000,-0.408,5166,5287;
166273,0.139,0.974,-0.231,0.006,-0.006,-0.004,-0.182,0.000,-0.408,5138,5297;
166303,0.147,0.978,-0.238,0.008,-0.011,0.006,-0.182,0.000,-0.408,5196,5307;
166323,0.147,0.978,-0.234,0.021,-0.001,-0.002,-0.091,0.182,-0.204,5205,5308;
166353,0.147,0.970,-0.231,0.010,-0.004,-0.002,-0.091,0.182,-0.204,5219,5308;
166373,0.139,0.981,-0.238,0.018,-0.001,0.002,-0.091,0.182,-0.204,5218,5303;
166403,0.143,0.966,-0.227,0.008,-0.013,0.005,0.091,0.091,-0.204,5218,5295;
166433,0.139,0.974,-0.234,0.005,0.008,-0.001,0.091,0.091,-0.204,5250,5298;
166453,0.151,0.985,-0.224,0.047,0.011,-0.011,0.091,0.091,-0.204,5244,5288;
166483,0.147,0.970,-0.231,0.033,-0.002,-0.012,0.000,0.000,-0.408,5195,5274;
166513,0.139,0.970,-0.238,0.019,0.019,-0.012,0.000,0.000,-0.408,5235,5257;
166533,0.151,0.974,-0.231,0.030,0.021,-0.010,-0.091,0.000,-0.408,5215,5236;
166563,0.147,0.978,-0.224,0.062,0.025,-0.006,-0.091,0.000,-0.408,5193,5212;
166583,0.139,0.974,-0.231,0.058,0.021,-0.015,-0.091,0.000,-0.408,5110,5160;
166613,0.132,0.955,-0.251,0.042,0.013,-0.010,-0.091,-1.182,-1.939,5105,5155;
166643,0.136,0.970,-0.238,0.035,0.008,-0.001,-0.091,-1.182,-1.939,5067,5139;
166673,0.147,0.970,-0.234,0.040,-0.005,0.002,0.091,-0.273,-0.612,5117,5125;
166703,0.147,0.974,-0.234,0.030,-0.005,-0.004,0.091,-0.273,-0.612,5105,5120;
166723,0.154,0.974,-0.238,0.052,0.006,-0.007,0.091,-0.273,-0.612,5095,5108;
166753,0.143,0.974,-0.238,0.059,0.017,-0.007,0.000,-0.182,0.000,5081,5095;
166773,0.143,0.970,-0.238,0.051,0.017,-0.001,0.000,-0.182,0.000,5075,5074;
166803,0.139,0.970,-0.248,0.044,0.013,-0.004,0.000,0.000,-0.102,5063,5059;
166833,0.143,0.981,-0.227,0.030,-0.004,0.001,0.000,0.000,-0.102,5053,5057;
166863,0.139,0.978,-0.234,0.052,-0.002,-0.015,0.000,0.000,-0.102,5043,5047;
166883,0.147,0.974,-0.241,0.047,-0.002,-0.018,0.000,0.000,-0.816,5036,5021;
166913,0.143,0.974,-0.238,0.021,0.007,-0.018,0.000,0.000,-0.816,5031,5036;
166933,0.151,0.970,-0.234,0.028,0.008,-0.016,0.000,0.091,-0.102,5020,5027;
166963,0.154,0.974,-0.234,0.022,-0.016,-0.006,0.000,0.091,-0.102,5015,5017;
166983,0.151,0.981,-0.238,0.047,-0.028,-0.010,0.000,0.091,-0.102,4995,4979;
167013,0.132,0.970,-0.241,0.056,-0.007,-0.019,0.091,-0.182,-0.816,4971,4993;
167043,0.143,0.966,-0.255,0.030,-0.010,0.001,0.091,-0.182,-0.816,4986,4982;
167063,0.143,0.966,-0.241,0.027,-0.019,0.006,0.091,-0.182,-0.816,4976,4974;
167093,0.143,0.974,-0.244,0.044,-0.019,0.002,-0.182,0.000,-0.714,4967,4946;
167113,0.139,0.959,-0.258,0.033,0.002,-0.002,-0.182,0.000,-0.714,4957,4956;
167143,0.139,0.970,-0.248,0.023,0.004,-0.001,0.000,0.182,-0.408,4957,4949;
167163,0.139,0.974,-0.231,0.033,0.002,0.002,0.000,0.182,-0.408,4951,4943;
167193,0.139,0.974,-0.244,0.025,0.021,-0.002,0.000,0.182,-0.408,4933,4922;
167223,0.143,0.970,-0.238,0.040,0.015,0.002,0.000,-0.273,1.122,4915,4922;
167243,0.143,0.951,-0.244,0.004,0.000,-0.001,0.000,-0.273,1.122,4932,4919;
167273,0.143,0.981,-0.238,0.029,0.011,0.006,0.000,-0.273,1.122,4927,4910;
167293,0.143,0.974,-0.238,0.045,0.013,0.007,-0.182,-0.182,-0.714,4927,4882;
167323,0.147,0.963,-0.241,0.018,-0.010,0.002,-0.182,-0.182,-0.714,4925,4895;
167343,0.147,0.974,-0.244,0.006,-0.004,-0.008,-0.091,-0.182,-1.224,4923,4890;
167373,0.151,0.981,-0.244,0.013,0.010,-0.005,-0.091,-0.182,-1.224,4921,4887;
167403,0.143,0.974,-0.244,0.035,-0.006,0.005,-0.091,-0.182,-1.224,4900,4873;
167433,0.147,0.970,-0.238,0.028,-0.011,0.005,0.091,-1.091,-0.510,4920,4880;
167453,0.147,0.974,-0.241,0.022,-0.002,-0.004,0.091,-1.091,-0.510,4914,4878;
167483,0.143,0.974,-0.241,0.033,0.006,-0.004,0.000,-0.273,-0.408,4918,4876;
167503,0.147,0.974,-0.241,0.033,-0.011,0.004,0.000,-0.273,-0.408,4868,4876;
167533,0.147,0.966,-0.244,0.008,-0.007,-0.001,0.000,-0.273,-0.408,4915,4876;
167553,0.147,0.970,-0.241,0.038,0.000,-0.010,0.091,0.000,-0.612,4914,4874;
167583,0.143,0.970,-0.244,0.035,0.002,-0.001,0.091,0.000,-0.612,4914,4869;
167613,0.147,0.966,-0.248,0.017,-0.006,0.001,0.091,0.000,-0.612,4855,4872;
167643,0.147,0.963,-0.241,-0.001,-0.004,-0.010,0.000,0.182,-0.306,4909,4872;
167663,0.143,0.974,-0.241,0.013,0.002,-0.007,0.000,0.182,-0.306,4911,4871;
167693,0.147,0.970,-0.248,0.017,-0.002,-0.011,0.000,0.273,-0.306,4911,4874;
167713,0.147,0.974,-0.248,0.006,0.004,-0.013,0.000,0.273,-0.306,4862,4877;
167743,0.147,0.963,-0.241,-0.001,0.023,-0.015,0.000,0.273,-0.306,4913,4883;
167763,0.147,0.966,-0.248,-0.002,0.023,-0.023,0.000,-0.091,0.000,4913,4892;
167793,0.147,0.974,-0.244,-0.018,0.001,-0.029,0.000,-0.091,0.000,4911,4902;
167823,0.154,0.974,-0.238,-0.004,0.000,-0.042,0.182,0.273,0.000,4905,4932;
167843,0.143,0.970,-0.231,0.004,0.010,-0.038,0.182,0.273,0.000,4917,4957;
167873,0.143,0.974,-0.238,0.001,0.008,-0.030,0.182,0.273,0.000,4919,4979;
167893,0.143,0.974,-0.238,-0.008,-0.008,-0.025,0.000,-0.182,-0.102,4922,5005;
167923,0.143,0.974,-0.241,-0.023,-0.007,-0.022,0.000,-0.182,-0.102,4929,5031;
167953,0.139,0.974,-0.241,-0.008,0.017,-0.028,0.000,-0.182,-0.102,4934,5054;
167973,0.136,0.974,-0.244,0.011,0.016,-0.032,0.091,-0.273,-0.204,4932,5079;
168003,0.136,0.974,-0.244,-0.001,-0.005,-0.021,0.091,-0.273,-0.204,4940,5099;
168033,0.136,0.978,-0.238,0.001,0.000,-0.015,0.000,-0.182,-0.408,4926,5114;
168053,0.139,0.970,-0.231,-0.004,0.005,-0.016,0.000,-0.182,-0.408,4948,5133;
168083,0.136,0.970,-0.231,-0.011,-0.002,-0.007,0.000,-0.182,-0.408,4953,5143;
168113,0.136,0.974,-0.231,0.001,-0.005,-0.004,-0.273,-0.091,-0.408,4954,5148;
168133,0.139,0.970,-0.234,0.005,-0.002,-0.005,-0.273,-0.091,-0.408,4963,5173;
168163,0.132,0.970,-0.244,-0.011,-0.005,0.001,0.000,0.091,-0.816,4969,5185;
168183,0.151,0.974,-0.234,0.001,-0.023,-0.002,0.000,0.091,-0.816,4977,5199;
168213,0.136,0.970,-0.231,-0.042,-0.029,-0.017,0.000,0.091,-0.816,4971,5209;
168243,0.139,0.993,-0.231,-0.034,0.002,-0.023,-0.182,-0.182,-0.102,4982,5218;
168263,0.147,0.981,-0.238,-0.013,-0.010,-0.006,-0.182,-0.182,-0.102,5010,5249;
168293,0.136,0.978,-0.227,-0.006,-0.015,0.000,-0.182,-0.182,-0.102,5019,5258;
168313,0.132,0.978,-0.231,0.011,0.008,-0.006,0.000,0.091,-0.306,5021,5241;
168343,0.128,0.981,-0.213,0.011,0.015,-0.005,0.000,0.091,-0.306,5028,5268;
168363,0.132,0.981,-0.227,0.016,-0.016,0.008,-0.091,0.091,-0.306,5029,5275;
168393,0.147,0.978,-0.227,0.030,-0.023,0.013,-0.091,0.091,-0.306,5024,5283;
168423,0.143,0.974,-0.231,0.050,0.007,0.006,-0.091,0.091,-0.306,4997,5259;
168453,0.154,0.978,-0.231,0.039,0.007,0.007,-0.091,0.000,-1.020,4998,5292;
168473,0.139,0.974,-0.227,0.027,-0.001,0.015,-0.091,0.000,-1.020,5019,5294;
168503,0.139,0.978,-0.234,0.029,0.001,0.010,-0.091,0.000,-0.306,5019,5292;
168523,0.132,0.978,-0.231,0.024,0.005,-0.002,-0.091,0.000,-0.306,5013,5288;
168553,0.128,0.974,-0.238,0.012,0.000,-0.007,-0.091,0.000,-0.306,5021,5286;
168573,0.128,0.974,-0.234,0.029,0.004,-0.002,-0.182,0.000,-0.306,5020,5283;
168603,0.136,0.974,-0.234,0.025,0.004,0.004,-0.182,0.000,-0.306,5021,5279;
168633,0.139,0.978,-0.231,0.015,0.010,-0.001,-0.182,0.000,-0.306,4978,5260;
168663,0.128,0.974,-0.231,0.019,0.010,0.002,0.000,0.091,0.306,5013,5262;
168683,0.139,0.978,-0.227,0.019,0.007,0.004,0.000,0.091,0.306,5020,5254;
168713,0.143,0.978,-0.224,0.022,0.005,0.004,0.091,0.000,-0.306,5017,5243;
168733,0.139,0.978,-0.227,0.030,0.006,-0.001,0.091,0.000,-0.306,4969,5233;
168763,0.139,0.966,-0.234,0.032,0.005,-0.008,0.091,0.000,-0.306,5013,5224;
168783,0.147,0.978,-0.231,0.039,0.011,-0.006,0.091,-0.364,-0.714,5009,5214;
168813,0.136,0.974,-0.231,0.033,0.010,-0.001,0.091,-0.364,-0.714,5006,5201;
168843,0.143,0.978,-0.234,0.028,0.000,-0.001,-0.182,0.091,0.000,4951,5195;
168873,0.136,0.970,-0.238,0.030,-0.008,0.000,-0.182,0.091,0.000,5005,5187;
168893,0.139,0.974,-0.231,0.040,0.006,-0.001,-0.182,0.091,0.000,5003,5178;
168923,0.136,0.974,-0.234,0.028,0.008,-0.005,-0.091,-0.182,0.000,5002,5169;
168943,0.139,0.974,-0.227,0.049,0.012,-0.001,-0.091,-0.182,0.000,4996,5163;
168973,0.143,0.970,-0.234,0.016,0.002,-0.004,-0.091,-0.273,-0.408,4995,5150;
169003,0.139,0.985,-0.234,0.038,0.013,0.004,-0.091,-0.273,-0.408,4994,5130;
169023,0.147,0.978,-0.231,0.068,0.012,0.001,-0.091,-0.273,-0.408,4976,5117;
169053,0.136,0.970,-0.231,0.030,-0.017,-0.008,-0.091,0.000,-0.306,4955,5103;
169083,0.143,0.974,-0.238,0.034,-0.002,-0.011,-0.091,0.000,-0.306,4972,5095;
169103,0.143,0.981,-0.241,0.062,0.011,0.004,-0.091,0.000,-0.306,4962,5087;
169133,0.151,0.978,-0.234,0.063,-0.019,0.002,0.091,0.000,0.204,4952,5079;
169153,0.147,0.966,-0.238,0.057,-0.004,-0.004,0.091,0.000,0.204,4944,5067;
169183,0.136,0.970,-0.241,0.041,0.008,-0.005,0.091,0.091,-0.102,4939,5057;
169213,0.132,0.974,-0.241,0.029,-0.004,0.000,0.091,0.091,-0.102,4928,5049;
169233,0.143,0.978,-0.241,0.053,-0.005,-0.001,0.091,0.091,-0.102,4917,5009;
169263,0.143,0.970,-0.241,0.034,-0.002,0.002,0.091,0.091,-0.204,4924,5026;
169293,0.139,0.970,-0.241,0.044,-0.006,0.005,0.091,0.091,-0.204,4923,5016;
169323,0.139,0.978,-0.238,0.052,-0.016,0.011,0.000,0.182,-0.204,4921,5010;
169343,0.139,0.974,-0.241,0.047,-0.040,0.018,0.000,0.182,-0.204,4920,4994;
169373,0.132,0.963,-0.238,0.015,-0.021,0.008,0.000,0.182,-0.204,4917,4999;
169393,0.139,0.974,-0.234,0.017,-0.015,0.001,-0.273,0.000,-0.204,4919,4995;
169423,0.147,0.966,-0.244,0.027,-0.004,0.004,-0.273,0.000,-0.204,4919,4986;
169453,0.139,0.966,-0.248,0.024,-0.005,0.004,0.000,-0.091,-0.204,4881,4969;
169473,0.143,0.970,-0.241,0.018,-0.015,-0.001,0.000,-0.091,-0.204,4916,4980;
169503,0.143,0.970,-0.241,0.024,-0.006,-0.004,0.000,-0.091,-0.204,4915,4976;
169533,0.139,0.970,-0.244,0.023,-0.002,-0.004,-0.091,0.000,-0.102,4913,4972;
169553,0.143,0.970,-0.241,0.016,-0.006,0.005,-0.091,0.000,-0.102,4861,4969;
169583,0.139,0.978,-0.241,0.021,-0.011,-0.001,-0.091,0.000,-0.102,4912,4966;
169603,0.151,0.974,-0.234,0.032,-0.010,-0.002,0.091,0.000,-0.714,4910,4964;
169633,0.143,0.978,-0.238,0.036,-0.008,-0.005,0.091,0.000,-0.714,4899,4960;
169663,0.143,0.963,-0.241,0.021,-0.005,-0.008,0.091,0.091,-0.408,4902,4962;
169693,0.143,0.970,-0.238,0.024,0.002,-0.008,0.091,0.091,-0.408,4905,4963;
169713,0.143,0.974,-0.241,0.027,0.001,-0.010,0.091,0.091,-0.408,4901,4962;
169743,0.151,0.970,-0.244,0.030,-0.004,-0.006,0.000,-0.182,0.714,4855,4923;
169773,0.136,0.974,-0.227,0.035,-0.004,0.000,0.000,-0.182,0.714,4788,4898;
169793,0.124,0.959,-0.248,0.024,0.004,-0.005,0.091,0.273,-0.102,4898,4961;
169823,0.143,0.970,-0.248,0.004,0.002,-0.001,0.091,0.273,-0.102,4898,4962;
169853,0.143,0.974,-0.244,0.033,0.007,-0.010,0.091,0.273,-0.102,4895,4915;
169883,0.147,0.963,-0.241,0.001,0.006,-0.012,0.000,0.000,-0.408,4896,4963;
169913,0.143,0.978,-0.241,0.032,0.022,-0.001,0.000,0.000,-0.408,4895,4964;
169933,0.136,0.974,-0.238,0.028,0.002,0.002,0.182,0.000,-0.306,4897,4966;
169963,0.132,0.970,-0.238,0.016,-0.012,-0.011,0.182,0.000,-0.306,4848,4972;
169993,0.136,0.970,-0.244,0.028,-0.004,-0.004,0.182,0.000,-0.306,4897,4981;
170013,0.151,0.974,-0.234,0.032,-0.006,0.001,-0.182,-0.091,0.102,4896,4987;
170043,0.143,0.970,-0.241,0.029,0.010,-0.001,-0.182,-0.091,0.102,4880,4991;
170073,0.143,0.970,-0.248,0.028,0.010,-0.002,0.091,0.182,-0.306,4861,4999;
170093,0.143,0.970,-0.244,0.030,-0.008,-0.008,0.091,0.182,-0.306,4894,5006;
170123,0.147,0.970,-0.248,0.029,-0.011,-0.005,0.091,0.182,-0.306,4901,5014;
170143,0.139,0.974,-0.238,0.036,0.018,-0.012,-0.182,0.000,-0.408,4901,5022;
170173,0.143,0.978,-0.248,0.038,0.024,-0.012,-0.182,0.000,-0.408,4888,5029;
170203,0.143,0.978,-0.234,0.041,0.011,-0.005,-0.091,0.000,-0.612,4900,5033;
170223,0.139,0.970,-0.238,0.036,0.010,-0.002,-0.091,0.000,-0.612,4899,5041;
170263,0.136,0.974,-0.244,0.038,0.010,0.006,-0.091,0.000,-0.612,4899,5036;
170283,0.143,0.970,-0.244,0.017,0.011,0.000,0.000,0.091,-0.102,4896,5054;
170313,0.143,0.970,-0.241,0.016,0.010,0.002,0.000,0.091,-0.102,4902,5057;
170333,0.147,0.978,-0.241,0.019,0.002,0.005,-0.273,-0.091,-0.204,4902,5064;
170363,0.147,0.974,-0.251,0.017,-0.006,0.002,-0.273,-0.091,-0.204,4902,5052;
170393,0.128,0.959,-0.244,0.012,0.004,0.004,-0.273,-0.091,-0.204,4904,5081;
170413,0.147,0.970,-0.241,0.000,0.006,-0.001,0.091,0.000,0.306,4908,5088;
170443,0.143,0.974,-0.244,-0.001,-0.005,0.000,0.091,0.000,0.306,4901,5096;
170473,0.147,0.970,-0.241,-0.004,-0.010,-0.002,0.091,-0.909,-1.735,4845,5104;
170503,0.151,0.974,-0.241,0.015,-0.010,-0.002,0.091,-0.909,-1.735,4873,5113;
170533,0.154,0.970,-0.251,0.022,-0.005,0.000,0.091,-0.909,-1.735,4924,5149;
170553,0.143,0.970,-0.238,0.025,-0.010,0.004,-0.182,0.000,-0.204,4927,5167;
170583,0.151,0.966,-0.234,0.015,-0.010,-0.004,-0.182,0.000,-0.204,4886,5187;
170603,0.143,0.974,-0.241,0.016,-0.006,-0.005,-0.182,-0.091,-0.204,4939,5203;
170633,0.139,0.974,-0.244,0.023,0.006,0.001,-0.182,-0.091,-0.204,4941,5215;
170653,0.147,0.966,-0.241,0.021,-0.016,-0.001,-0.182,-0.091,-0.204,4946,5227;
170693,0.136,0.963,-0.238,0.008,-0.019,-0.004,-0.091,0.000,-0.408,4934,5231;
170713,0.139,0.966,-0.241,0.012,-0.001,0.000,-0.091,0.000,-0.408,4959,5253;
170743,0.139,0.974,-0.234,0.016,0.000,-0.004,0.182,-0.273,-0.306,4966,5257;
170763,0.143,0.970,-0.241,0.004,0.002,0.005,0.182,-0.273,-0.306,4979,5253;
170793,0.143,0.978,-0.234,0.059,0.015,0.008,0.182,-0.273,-0.306,4981,5251;
170813,0.139,0.966,-0.248,0.027,-0.008,0.006,-0.182,-0.273,0.102,4979,5251;
170843,0.139,0.966,-0.248,0.000,-0.008,-0.001,-0.182,-0.273,0.102,4989,5247;
170883,0.143,0.978,-0.241,0.025,0.013,0.012,0.000,-1.000,-0.510,4974,5249;
170903,0.143,0.970,-0.234,0.035,-0.002,0.006,0.000,-1.000,-0.510,5005,5245;
170933,0.143,0.974,-0.241,0.027,0.006,-0.005,0.000,-1.000,-0.510,5006,5243;
170963,0.143,0.974,-0.248,0.028,-0.002,-0.004,0.182,0.091,-0.306,5004,5242;
170983,0.143,0.974,-0.238,0.029,-0.008,0.001,0.182,0.091,-0.306,4997,5237;
171013,0.151,0.970,-0.238,0.023,-0.002,-0.001,0.182,0.091,-0.306,5002,5237;
171043,0.143,0.974,-0.248,0.024,0.006,-0.012,-0.182,0.091,-0.408,5002,5222;
171073,0.158,0.974,-0.238,0.022,-0.001,0.000,-0.182,0.091,-0.408,4999,5219;
171103,0.139,0.974,-0.241,0.034,0.001,-0.004,0.273,0.727,-2.245,4998,5207;
171123,0.147,0.974,-0.238,0.036,0.015,-0.005,0.273,0.727,-2.245,4993,5193;
171153,0.143,0.970,-0.238,0.024,0.015,-0.006,0.000,0.273,0.102,4986,5178;
171173,0.143,0.970,-0.238,0.022,0.005,-0.006,0.000,0.273,0.102,4975,5165;
171203,0.143,0.966,-0.238,0.042,0.015,0.001,0.000,0.273,0.102,4973,5149;
171223,0.143,0.978,-0.248,0.039,0.006,0.006,0.000,-0.091,-0.204,4970,5138;
171253,0.147,0.970,-0.244,0.028,-0.002,0.002,0.000,-0.091,-0.204,4958,5124;
171283,0.151,0.970,-0.241,0.027,0.013,0.001,0.000,-0.364,0.102,4963,5099;
171313,0.151,0.974,-0.244,0.030,0.023,-0.007,0.000,-0.364,0.102,4960,5112;
171343,0.147,0.970,-0.248,0.034,0.023,-0.005,0.000,-0.364,0.102,4958,5105;
171363,0.147,0.974,-0.241,0.025,0.015,-0.002,-0.091,-0.182,0.408,4951,5100;
171393,0.151,0.970,-0.241,0.025,0.013,-0.006,-0.091,-0.182,0.408,4953,5074;
171413,0.147,0.966,-0.244,0.032,0.023,-0.008,-0.091,-0.182,0.408,4947,5088;
171443,0.151,0.966,-0.241,0.028,0.013,-0.013,-0.182,-0.182,-0.510,4940,5081;
171473,0.151,0.974,-0.248,0.028,0.001,-0.025,-0.182,-0.182,-0.510,4910,5076;
171503,0.151,0.970,-0.241,0.011,0.012,-0.028,-0.091,-0.182,0.000,4874,5063;
171533,0.147,0.981,-0.241,0.051,0.017,-0.012,-0.091,-0.182,0.000,4909,5055;
171553,0.139,0.966,-0.234,0.030,-0.013,-0.016,-0.091,-0.182,0.000,4908,5050;
171583,0.143,0.963,-0.251,0.004,-0.010,-0.017,-0.091,0.182,-0.714,4906,5042;
171603,0.136,0.978,-0.244,0.053,0.022,-0.008,-0.091,0.182,-0.714,4870,5033;
171633,0.139,0.966,-0.248,0.040,0.000,-0.001,-0.182,-0.091,0.000,4898,5023;
171663,0.136,0.966,-0.251,0.008,-0.005,-0.002,-0.182,-0.091,0.000,4896,5004;
171693,0.139,0.970,-0.251,0.010,0.002,0.013,-0.182,-0.091,0.000,4886,4993;
171713,0.143,0.970,-0.241,0.027,0.001,0.016,0.000,0.000,-0.408,4890,4989;
171743,0.143,0.974,-0.251,0.036,0.007,0.011,0.000,0.000,-0.408,4896,4980;
171763,0.143,0.974,-0.241,0.036,0.005,0.011,-0.091,-0.182,-0.204,4895,4969;
171793,0.151,0.970,-0.241,0.027,-0.006,0.013,-0.091,-0.182,-0.204,4893,4959;
171823,0.154,0.970,-0.248,0.025,-0.007,0.013,-0.091,-0.182,-0.204,4892,4950;
171843,0.147,0.970,-0.244,0.010,-0.011,0.004,0.000,-0.273,-0.408,4891,4925;
171873,0.151,0.970,-0.244,0.019,-0.006,-0.002,0.000,-0.273,-0.408,4863,4919;
171903,0.154,0.974,-0.238,0.041,-0.002,-0.004,0.091,0.182,-0.204,4875,4903;
171923,0.151,0.974,-0.244,0.030,0.002,-0.005,0.091,0.182,-0.204,4888,4930;
171953,0.139,0.970,-0.244,0.016,0.000,-0.010,0.091,0.182,-0.204,4843,4885;
171973,0.147,0.955,-0.244,0.010,0.001,-0.015,0.364,0.909,0.918,4888,4922;
172003,0.139,0.978,-0.244,0.016,-0.002,-0.011,0.364,0.909,0.918,4888,4899;
172033,0.147,0.970,-0.244,0.027,0.004,-0.006,0.364,0.909,0.918,4888,4917;
172053,0.143,0.966,-0.248,0.018,0.000,-0.005,-0.091,0.000,-0.306,4881,4915;
172083,0.139,0.970,-0.248,0.012,-0.012,0.001,-0.091,0.000,-0.306,4853,4903;
172113,0.136,0.970,-0.238,0.001,-0.040,0.006,0.000,-0.273,-0.714,4877,4887;
172133,0.139,0.978,-0.248,0.032,-0.041,0.021,0.000,-0.273,-0.714,4881,4911;
172163,0.143,0.974,-0.248,0.030,-0.085,0.042,0.000,-0.273,-0.714,4886,4910;
172193,0.151,0.966,-0.244,0.008,-0.053,0.029,0.000,0.000,-0.510,4897,4908;
172213,0.151,0.966,-0.248,0.013,-0.025,0.016,0.000,0.000,-0.510,4852,4905;
172243,0.154,0.966,-0.248,0.015,-0.040,0.008,0.091,-0.091,-0.102,4903,4904;
172263,0.147,0.974,-0.244,0.011,-0.047,0.023,0.091,-0.091,-0.102,4908,4890;
172303,0.151,0.974,-0.244,0.006,-0.038,0.013,0.091,-0.091,-0.102,4910,4900;
172323,0.151,0.978,-0.244,0.005,-0.015,0.000,0.091,0.182,-0.408,4910,4900;
172353,0.147,0.974,-0.241,0.018,-0.010,-0.007,0.091,0.182,-0.408,4909,4901;
172373,0.151,0.966,-0.251,0.027,-0.005,-0.006,-0.273,-0.182,-0.510,4908,4902;
172403,0.147,0.974,-0.238,0.011,0.004,-0.010,-0.273,-0.182,-0.510,4905,4904;
172423,0.151,0.966,-0.241,0.022,0.018,-0.013,-0.273,-0.182,-0.510,4849,4909;
172453,0.147,0.959,-0.248,0.010,0.022,-0.019,-0.182,-0.091,-0.510,4901,4913;
172473,0.151,0.974,-0.255,0.041,0.045,-0.017,-0.182,-0.091,-0.510,4900,4916;
172503,0.147,0.978,-0.241,0.058,0.042,-0.021,-0.182,-0.091,-0.510,4899,4921;
172533,0.147,0.963,-0.241,0.021,0.036,-0.028,0.182,0.000,-0.102,4853,4929;
172553,0.147,0.974,-0.251,-0.002,0.049,-0.036,0.182,0.000,-0.102,4895,4936;
172583,0.143,0.974,-0.255,0.006,0.044,-0.024,0.091,0.091,-0.102,4898,4943;
172603,0.147,0.989,-0.234,0.032,0.011,-0.008,0.091,0.091,-0.102,4894,4948;
172643,0.143,0.966,-0.238,0.036,-0.002,-0.006,0.091,0.091,-0.102,4890,4965;
172663,0.154,0.963,-0.234,0.035,0.024,-0.012,-0.182,-0.091,-0.510,4922,4975;
172693,0.151,0.966,-0.241,0.030,0.016,-0.017,-0.182,-0.091,-0.510,4907,4986;
172723,0.151,0.970,-0.255,0.028,-0.001,-0.017,-0.091,0.000,-0.102,4929,4986;
172753,0.151,0.974,-0.251,0.029,-0.002,-0.016,-0.091,0.000,-0.102,4933,5024;
172773,0.139,0.959,-0.251,0.024,0.015,-0.010,-0.091,0.000,-0.102,4932,5039;
172803,0.151,0.966,-0.255,0.013,0.011,-0.008,-0.182,-0.182,0.306,4942,5052;
172823,0.139,0.985,-0.248,0.011,0.005,-0.011,-0.182,-0.182,0.306,4944,5066;
172853,0.139,0.963,-0.238,0.007,0.005,-0.019,-0.091,0.000,-0.204,4948,5078;
172883,0.136,0.959,-0.244,-0.016,0.006,-0.011,-0.091,0.000,-0.204,4954,5092;
172913,0.147,0.970,-0.248,-0.053,-0.012,0.012,-0.091,0.000,-0.204,4985,5131;
172933,0.143,0.989,-0.231,-0.019,-0.012,0.007,0.000,0.091,-0.612,4969,5140;
172963,0.147,0.970,-0.241,0.011,0.001,-0.005,0.000,0.091,-0.612,5029,5151;
172983,0.139,0.974,-0.238,0.010,0.005,-0.006,0.182,-0.091,0.204,5041,5170;
173013,0.143,0.974,-0.234,0.004,-0.024,0.008,0.182,-0.091,0.204,5055,5188;
173033,0.151,0.978,-0.238,0.000,-0.025,0.016,0.182,-0.091,0.204,5025,5201;
173063,0.151,0.966,-0.231,0.017,0.011,-0.001,-0.182,0.000,0.000,5083,5208;
173093,0.147,0.966,-0.241,0.011,0.008,-0.008,-0.182,0.000,0.000,5094,5216;
173113,0.147,0.981,-0.234,0.013,-0.006,0.002,-0.182,0.000,0.000,5099,5225;
173143,0.151,0.978,-0.238,0.006,-0.018,-0.001,-0.182,-0.273,-0.102,5049,5222;
173173,0.139,0.974,-0.234,0.008,0.001,-0.006,-0.182,-0.273,-0.102,5126,5262;
173193,0.139,0.974,-0.248,0.007,0.004,-0.010,0.091,-0.182,-0.306,5134,5271;
173223,0.147,0.974,-0.238,0.016,0.001,-0.007,0.091,-0.182,-0.306,5138,5277;
173243,0.151,0.974,-0.241,0.006,-0.002,-0.004,0.091,-0.182,-0.306,5148,5281;
173273,0.147,0.978,-0.238,0.024,0.000,0.004,-0.091,0.000,-0.714,5158,5283;
173303,0.147,0.966,-0.238,-0.005,-0.002,0.005,-0.091,0.000,-0.714,5177,5268;
173333,0.151,0.981,-0.251,0.011,0.002,0.011,0.000,-0.182,-0.408,5205,5273;
173363,0.151,0.978,-0.227,0.036,-0.006,0.001,0.000,-0.182,-0.408,5215,5271;
173383,0.143,0.966,-0.234,0.002,-0.008,-0.007,0.000,-0.182,-0.408,5224,5267;
173413,0.147,0.970,-0.241,0.004,0.000,0.001,0.000,0.091,-0.408,5234,5264;
173433,0.151,0.978,-0.231,0.011,-0.001,0.012,0.000,0.091,-0.408,5239,5240;
173463,0.154,0.974,-0.231,0.032,0.006,0.002,0.091,0.182,0.204,5241,5255;
173483,0.143,0.974,-0.238,0.035,0.015,-0.006,0.091,0.182,0.204,5212,5238;
173513,0.147,0.981,-0.234,0.028,0.013,-0.004,0.091,0.182,0.204,5201,5227;
173533,0.143,0.963,-0.238,0.029,0.006,0.001,-0.091,-0.818,-1.531,5223,5222;
173563,0.147,0.974,-0.234,0.028,-0.006,0.006,-0.091,-0.818,-1.531,5215,5229;
173583,0.151,0.978,-0.238,0.028,-0.019,0.001,-0.091,-0.818,-1.531,5204,5226;
173613,0.151,0.974,-0.234,0.046,0.004,-0.010,0.091,0.000,-0.102,5194,5223;
173633,0.143,0.974,-0.244,0.053,0.021,-0.012,0.091,0.000,-0.102,5178,5219;
173663,0.158,0.989,-0.227,0.064,0.023,-0.010,0.091,0.000,-0.102,5170,5209;
173683,0.147,0.978,-0.238,0.070,0.025,-0.006,0.091,0.000,-0.102,5142,5191;
173723,0.147,0.966,-0.241,0.056,0.010,-0.004,0.091,0.000,-0.102,5116,5183;
173743,0.147,0.974,-0.238,0.045,0.011,-0.010,-0.182,-0.091,-0.612,5123,5150;
173773,0.143,0.966,-0.241,0.038,0.008,-0.011,-0.182,-0.091,-0.612,5112,5155;
173793,0.147,0.974,-0.244,0.041,0.006,-0.001,-0.182,-0.091,-0.612,5102,5142;
173823,0.143,0.966,-0.241,0.040,-0.004,-0.004,0.000,0.182,-0.102,5092,5127;
173843,0.139,0.970,-0.244,0.025,0.002,-0.002,0.000,0.182,-0.102,5086,5095;
173873,0.139,0.963,-0.244,0.025,0.008,0.001,0.000,0.091,-0.306,5082,5103;
173903,0.143,0.974,-0.238,0.035,0.007,-0.005,0.000,0.091,-0.306,5067,5073;
173933,0.139,0.966,-0.238,0.025,0.006,-0.006,0.000,0.091,-0.306,5070,5071;
173953,0.147,0.966,-0.244,0.016,0.005,-0.006,-0.273,0.182,-0.408,5015,5057;
173983,0.147,0.974,-0.241,0.017,0.007,-0.005,-0.273,0.182,-0.408,5012,5041;
174003,0.143,0.966,-0.248,0.035,0.016,-0.010,-0.273,-1.000,-1.122,5000,5029;
174033,0.151,0.974,-0.234,0.045,0.005,-0.010,-0.273,-1.000,-1.122,5033,5026;
174063,0.147,0.974,-0.241,0.069,-0.022,0.001,-0.273,-1.000,-1.122,4966,5027;
174083,0.139,0.966,-0.238,0.042,-0.010,-0.004,0.091,0.091,-0.306,4900,4958;
174113,0.151,0.963,-0.234,-0.006,0.011,-0.013,0.091,0.091,-0.306,4993,5010;
174143,0.151,0.974,-0.241,0.047,0.033,-0.001,0.091,0.091,-0.306,4985,5010;
174163,0.147,0.970,-0.248,0.042,-0.017,0.004,0.091,0.091,-0.306,4971,5000;
174193,0.143,0.970,-0.248,0.023,-0.015,-0.010,0.091,0.091,-0.306,4970,4988;
174223,0.143,0.966,-0.255,0.025,-0.002,-0.006,0.091,0.000,-0.408,4967,4979;
174243,0.143,0.966,-0.248,0.022,-0.010,0.008,0.091,0.000,-0.408,4964,4972;
174273,0.151,0.970,-0.241,0.017,-0.015,0.005,0.091,0.000,-0.408,4926,4964;
174293,0.147,0.966,-0.241,0.029,0.001,0.005,0.182,0.000,-0.204,4950,4939;
174323,0.166,0.963,-0.251,0.038,-0.001,0.006,0.182,0.000,-0.204,4955,4944;
174353,0.154,0.974,-0.241,0.019,-0.015,0.007,-0.091,-0.091,-0.612,4938,4940;
174383,0.154,0.970,-0.244,0.013,-0.002,-0.005,-0.091,-0.091,-0.612,4950,4937;
174403,0.151,0.970,-0.248,0.039,-0.010,0.000,-0.091,-0.091,-0.612,4949,4936;
174433,0.151,0.974,-0.244,0.042,-0.015,0.002,0.182,-0.091,-0.408,4948,4934;
174453,0.151,0.966,-0.248,0.024,-0.016,-0.001,0.182,-0.091,-0.408,4949,4933;
174483,0.151,0.966,-0.244,0.013,-0.013,-0.002,0.000,0.091,-0.204,4949,4930;
174513,0.147,0.970,-0.241,0.011,-0.027,0.001,0.000,0.091,-0.204,4949,4917;
174543,0.147,0.978,-0.244,0.023,-0.013,0.001,0.000,0.091,-0.204,4948,4923;
174563,0.151,0.974,-0.248,0.028,-0.001,-0.001,0.091,0.091,-0.204,4949,4917;
174593,0.151,0.966,-0.244,0.027,0.000,-0.001,0.091,0.091,-0.204,4948,4917;
174623,0.147,0.966,-0.241,0.019,0.000,-0.001,0.182,0.091,-0.408,4947,4914;
174643,0.143,0.966,-0.248,0.016,0.005,0.001,0.182,0.091,-0.408,4946,4912;
174673,0.147,0.970,-0.248,0.029,0.004,-0.002,0.182,0.091,-0.408,4945,4890;
174693,0.143,0.963,-0.241,0.024,0.015,-0.006,0.000,-0.818,-1.429,4938,4905;
174733,0.151,0.966,-0.255,0.012,0.022,-0.004,0.000,-0.818,-1.429,4941,4905;
174753,0.154,0.970,-0.251,0.016,0.030,-0.006,-0.182,-0.273,-0.510,4938,4904;
174783,0.147,0.970,-0.251,0.000,0.027,-0.007,-0.182,-0.273,-0.510,4923,4905;
174813,0.154,0.970,-0.251,0.005,0.027,-0.017,-0.182,-0.273,-0.510,4934,4905;
174833,0.154,0.970,-0.251,0.006,0.038,-0.021,-0.091,0.182,-0.102,4932,4906;
174863,0.151,0.974,-0.244,0.015,0.038,-0.022,-0.091,0.182,-0.102,4931,4911;
174883,0.143,0.970,-0.238,0.006,0.023,-0.006,-0.091,0.182,-0.102,4924,4917;
174913,0.151,0.978,-0.241,0.007,0.018,-0.011,0.182,0.909,1.429,4919,4919;
174943,0.154,0.970,-0.241,-0.002,0.033,-0.013,0.182,0.909,1.429,4929,4936;
174973,0.147,0.978,-0.234,0.018,0.018,-0.008,-0.091,0.000,-0.306,4928,4931;
174993,0.151,0.966,-0.241,-0.004,-0.008,-0.008,-0.091,0.000,-0.306,4933,4957;
175023,0.154,0.978,-0.251,0.015,0.039,-0.005,-0.182,0.091,-0.816,4935,4962;
175053,0.154,0.974,-0.238,0.053,0.058,-0.016,-0.182,0.091,-0.816,4938,4973;
175073,0.147,0.963,-0.241,0.006,0.001,-0.012,-0.182,0.091,-0.816,4938,4967;
175103,0.143,0.959,-0.255,-0.019,0.018,-0.010,0.000,0.091,-0.204,4950,4999;
175133,0.143,0.970,-0.248,-0.004,0.039,-0.011,0.000,0.091,-0.204,4931,5016;
175153,0.151,0.974,-0.248,0.012,0.035,-0.013,0.000,0.091,-0.204,4956,5031;
175183,0.151,0.970,-0.241,-0.004,0.011,-0.011,0.091,0.182,-0.408,4962,5027;
175203,0.158,0.974,-0.231,-0.025,0.018,-0.012,0.091,0.182,-0.408,4966,5062;
175233,0.147,0.974,-0.238,-0.028,0.023,-0.006,-0.091,0.455,-0.714,4968,5079;
175253,0.151,0.974,-0.241,-0.019,0.025,-0.002,-0.091,0.455,-0.714,4973,5099;
175283,0.147,0.966,-0.234,-0.025,0.016,-0.005,-0.091,0.455,-0.714,4979,5100;
175313,0.143,0.966,-0.241,-0.022,0.018,-0.011,0.000,-1.000,-1.531,4985,5131;
175343,0.143,0.970,-0.238,-0.024,0.017,-0.004,0.000,-1.000,-1.531,4995,5158;
175373,0.151,0.974,-0.238,-0.017,0.016,-0.002,-0.182,0.091,0.000,4998,5167;
175403,0.151,0.970,-0.231,-0.021,0.010,-0.005,-0.182,0.091,0.000,4983,5179;
175488,0.143,0.974,-0.227,-0.010,0.007,-0.011,-0.182,0.091,0.000,4996,5172;
175489,0.139,0.970,-0.234,-0.005,0.012,-0.006,0.182,-0.091,-0.306,4989,5179;
175490,0.139,0.974,-0.231,-0.001,0.012,0.000,0.182,-0.091,-0.306,4989,5186;
175493,0.147,0.974,-0.224,0.004,0.013,-0.011,0.000,-0.273,-0.510,4940,5197;
175523,0.151,0.970,-0.231,0.001,0.016,-0.008,0.000,-0.273,-0.510,5001,5210;
175553,0.154,0.978,-0.227,-0.001,0.007,-0.006,0.000,-0.273,-0.510,5001,5210;
175583,0.143,0.970,-0.227,0.004,0.011,-0.007,0.000,0.000,-0.510,4972,5214;
175603,0.147,0.974,-0.231,0.004,0.004,-0.004,0.000,0.000,-0.510,5003,5213;
175633,0.143,0.970,-0.231,0.011,0.006,-0.005,0.000,0.000,-0.510,4992,5206;
175663,0.143,0.974,-0.227,0.021,0.000,0.000,-0.091,0.182,-0.306,5001,5214;
175683,0.151,0.981,-0.224,0.018,0.004,0.001,-0.091,0.182,-0.306,5000,5213;
175713,0.154,0.978,-0.227,0.027,0.006,-0.001,-0.091,0.091,0.102,5000,5210;
175733,0.154,0.978,-0.234,0.029,-0.005,0.004,-0.091,0.091,0.102,4993,5201;
175763,0.154,0.970,-0.231,0.029,-0.006,-0.001,-0.091,0.091,0.102,4979,5185;
175793,0.151,0.974,-0.227,0.027,-0.005,-0.004,0.182,0.818,-0.102,4983,5162;
175823,0.151,0.978,-0.238,0.038,-0.008,-0.002,0.182,0.818,-0.102,4988,5173;
175843,0.147,0.974,-0.227,0.001,-0.012,0.001,0.000,-0.091,-0.510,4978,5163;
175873,0.151,0.981,-0.220,0.055,-0.007,0.006,0.000,-0.091,-0.510,4972,5153;
175893,0.147,0.978,-0.220,0.056,-0.017,0.016,0.000,-0.091,-0.510,4982,5124;
175923,0.143,0.970,-0.231,0.021,-0.021,0.006,0.000,-0.091,-0.918,4982,5129;
175953,0.147,0.974,-0.238,0.035,0.007,0.002,0.000,-0.091,-0.918,4975,5126;
175983,0.154,0.985,-0.234,0.049,-0.023,0.025,0.091,0.182,-0.612,4979,5124;
176003,0.151,0.978,-0.227,0.063,-0.033,0.022,0.091,0.182,-0.612,4930,5115;
176033,0.147,0.974,-0.238,0.058,-0.029,0.021,0.091,0.182,-0.612,4977,5106;
176053,0.158,0.974,-0.231,0.051,-0.101,0.030,0.000,0.091,-0.408,4976,5102;
176083,0.147,0.974,-0.234,0.063,-0.142,0.056,0.000,0.091,-0.408,4976,5118;
176103,0.143,0.978,-0.231,0.072,-0.237,0.101,0.000,0.091,-0.408,4928,5148;
176143,0.143,0.970,-0.227,0.024,-0.287,0.114,0.273,0.182,-0.408,4968,5163;
176173,0.177,0.985,-0.220,0.033,-0.214,0.058,0.273,0.182,-0.408,4975,5171;
176193,0.158,0.970,-0.238,0.067,-0.101,0.013,-0.091,-0.182,-0.102,4972,5167;
176223,0.166,0.963,-0.258,0.052,-0.075,0.008,-0.091,-0.182,-0.102,4969,5164;
176243,0.154,0.970,-0.251,0.024,-0.067,0.006,-0.182,-0.091,-0.612,4965,5161;
176273,0.158,0.970,-0.238,0.041,-0.042,0.011,-0.182,-0.091,-0.612,4961,5154;
176303,0.143,0.970,-0.241,0.038,-0.038,0.011,-0.182,-0.091,-0.612,4953,5147;
176323,0.154,0.970,-0.244,0.018,-0.059,0.015,0.000,0.000,0.204,4955,5136;
176353,0.151,0.974,-0.238,0.018,-0.035,0.006,0.000,0.000,0.204,4917,5128;
176373,0.147,0.978,-0.241,0.041,-0.018,0.002,0.000,0.000,0.204,4943,5108;
176403,0.154,0.970,-0.244,0.040,-0.027,0.008,-0.182,-0.091,-0.102,4939,5082;
176433,0.158,0.970,-0.251,0.022,-0.013,0.013,-0.182,-0.091,-0.102,4947,5105;
176453,0.158,0.970,-0.238,0.015,0.010,0.005,0.000,-0.091,-0.510,4948,5092;
176483,0.158,0.974,-0.244,0.034,0.006,0.008,0.000,-0.091,-0.510,4948,5081;
176513,0.154,0.974,-0.241,0.028,-0.008,0.005,0.000,-0.091,-0.510,4948,5053;
176533,0.158,0.970,-0.238,0.025,-0.002,-0.001,0.000,0.091,-0.408,4950,5059;
176563,0.158,0.966,-0.241,0.023,0.008,0.002,0.000,0.091,-0.408,4951,5041;
176593,0.154,0.963,-0.241,0.021,0.008,0.000,-0.091,-0.182,-0.204,4954,5054;
176613,0.158,0.970,-0.244,0.030,0.007,-0.005,-0.091,-0.182,-0.204,4950,5051;
176643,0.158,0.966,-0.241,0.035,0.011,-0.011,-0.091,-0.182,-0.204,4959,5047;
176663,0.151,0.970,-0.241,0.016,0.015,-0.008,0.091,0.182,-0.510,4958,5041;
176693,0.154,0.974,-0.238,0.016,0.030,-0.007,0.091,0.182,-0.510,4967,5036;
176713,0.151,0.970,-0.238,0.025,0.013,-0.006,0.091,0.182,-0.510,4967,5028;
176743,0.151,0.970,-0.248,0.012,0.027,-0.001,-0.273,0.091,-0.204,4953,5032;
176773,0.158,0.974,-0.241,0.036,0.039,-0.006,-0.273,0.091,-0.204,4968,5031;
176803,0.154,0.970,-0.244,0.021,0.044,-0.013,0.000,0.000,-0.408,4972,5028;
176823,0.158,0.966,-0.241,-0.007,0.053,-0.027,0.000,0.000,-0.408,4920,5027;
176853,0.154,0.970,-0.248,0.012,0.068,-0.032,0.000,0.000,-0.408,4975,5025;
176883,0.158,0.970,-0.238,0.025,0.090,-0.038,-0.091,-0.091,-0.612,4976,5024;
176903,0.166,0.970,-0.241,0.019,0.114,-0.046,-0.091,-0.091,-0.612,4976,5021;
176933,0.154,0.970,-0.231,0.015,0.117,-0.040,0.091,-0.091,-0.408,4946,5015;
176963,0.147,0.978,-0.234,0.030,0.100,-0.032,0.091,-0.091,-0.408,4955,5010;
176983,0.151,0.978,-0.244,0.049,0.074,-0.028,0.091,-0.091,-0.408,4975,5020;
177013,0.158,0.970,-0.244,0.034,0.062,-0.028,-0.091,-0.091,-0.408,4973,5023;
177033,0.166,0.966,-0.255,0.025,0.073,-0.030,-0.091,-0.091,-0.408,4973,5026;
177063,0.158,0.974,-0.244,0.036,0.075,-0.027,-0.273,-0.273,-0.102,4973,5031;
177093,0.154,0.970,-0.244,0.030,0.059,-0.019,-0.273,-0.273,-0.102,4974,5035;
177113,0.151,0.974,-0.238,0.030,0.049,-0.028,-0.273,-0.273,-0.102,4975,5041;
177143,0.151,0.970,-0.238,0.019,0.044,-0.025,0.091,-0.091,-0.612,4975,5047;
177173,0.143,0.966,-0.238,0.018,0.024,-0.022,0.091,-0.091,-0.612,4975,5069;
177203,0.158,0.970,-0.234,0.010,0.019,-0.015,-0.091,0.364,0.000,4976,5078;
177223,0.158,0.970,-0.238,0.011,0.028,-0.016,-0.091,0.364,0.000,4977,5063;
177253,0.162,0.974,-0.241,0.028,0.036,-0.016,-0.091,0.364,0.000,4976,5093;
177283,0.151,0.966,-0.248,0.027,0.011,-0.012,0.182,0.091,0.306,4974,5110;
177303,0.154,0.970,-0.241,0.019,0.015,-0.029,0.182,0.091,0.306,4971,5120;
177333,0.158,0.981,-0.241,0.022,0.035,-0.038,0.182,0.091,0.306,4968,5105;
177363,0.154,0.966,-0.241,0.000,0.034,-0.032,-0.091,0.091,-0.408,4954,5141;
177393,0.147,0.970,-0.244,-0.025,0.030,-0.032,-0.091,0.091,-0.408,4963,5153;
177413,0.151,0.970,-0.234,-0.010,0.028,-0.036,0.000,0.000,-0.612,4960,5162;
177443,0.154,0.978,-0.231,-0.001,0.017,-0.027,0.000,0.000,-0.612,4919,5172;
177473,0.154,0.974,-0.234,-0.008,0.016,-0.028,0.000,0.000,-0.612,4955,5183;
177493,0.147,0.978,-0.231,-0.013,0.027,-0.028,0.091,0.091,-0.408,4953,5193;
177523,0.143,0.974,-0.231,-0.004,0.017,-0.022,0.091,0.091,-0.408,4951,5206;
177543,0.143,0.974,-0.224,0.012,0.005,-0.018,0.091,-0.182,0.102,4902,5210;
177583,0.147,0.974,-0.234,0.004,-0.002,-0.016,0.091,-0.182,0.102,4940,5218;
177603,0.143,0.981,-0.234,0.011,0.008,-0.013,0.091,-0.182,0.102,4946,5232;
177633,0.154,0.974,-0.231,0.018,0.007,-0.010,0.000,-0.273,0.306,4945,5231;
177653,0.143,0.974,-0.234,0.005,0.007,-0.001,0.000,-0.273,0.306,4945,5231;
177683,0.147,0.981,-0.231,0.044,-0.002,0.006,0.000,0.182,-0.612,4944,5230;
177703,0.143,0.974,-0.238,0.011,-0.002,-0.002,0.000,0.182,-0.612,4944,5231;
177733,0.154,0.978,-0.248,0.005,0.007,-0.011,0.000,0.182,-0.612,4945,5222;
177773,0.151,0.974,-0.238,0.021,0.001,0.004,-0.091,0.091,-0.306,4945,5214;
177793,0.158,0.993,-0.227,0.025,-0.006,0.010,-0.091,0.091,-0.306,4945,5230;
177823,0.147,0.978,-0.234,0.021,0.004,-0.002,0.000,0.000,-0.102,4945,5228;
177843,0.147,0.974,-0.234,0.013,0.006,-0.005,0.000,0.000,-0.102,4896,5229;
177873,0.147,0.974,-0.227,0.016,-0.007,-0.001,0.000,0.000,-0.102,4943,5229;
177893,0.147,0.970,-0.234,0.025,0.006,0.000,-0.182,0.000,-0.204,4938,5226;
177923,0.147,0.970,-0.241,0.021,0.005,-0.006,-0.182,0.000,-0.204,4942,5221;
177953,0.151,0.974,-0.231,0.024,0.001,-0.004,0.000,-0.091,-1.122,4898,5207;
177983,0.143,0.978,-0.238,0.034,0.011,-0.001,0.000,-0.091,-1.122,4940,5203;
178013,0.143,0.978,-0.231,0.029,0.015,-0.006,0.000,-0.091,-1.122,4939,5189;
178043,0.147,0.978,-0.234,0.021,0.007,-0.004,0.000,-0.091,-1.122,4937,5176;
178063,0.143,0.974,-0.238,0.024,-0.001,0.005,0.000,-0.091,-1.122,4936,5165;
178093,0.151,0.970,-0.231,0.051,0.006,0.010,0.091,0.091,-0.102,4933,5152;
178113,0.147,0.974,-0.234,0.050,0.000,0.012,0.091,0.091,-0.102,4935,5139;
178143,0.143,0.974,-0.241,0.049,-0.016,0.019,0.091,0.091,-0.102,4934,5127;
178173,0.147,0.974,-0.241,0.040,-0.021,0.016,-0.091,0.273,-0.306,4933,5114;
178193,0.166,0.985,-0.244,0.045,-0.007,0.007,-0.091,0.273,-0.306,4924,5108;
178223,0.143,0.974,-0.241,0.084,0.016,0.002,0.091,0.182,-0.408,4905,5078;
178243,0.147,0.970,-0.238,0.098,0.010,0.007,0.091,0.182,-0.408,4921,5070;
178273,0.154,0.974,-0.241,0.092,0.000,0.007,0.091,0.182,-0.408,4916,5073;
178293,0.158,0.978,-0.241,0.093,0.010,0.007,-0.364,0.000,-0.204,4913,5063;
178323,0.158,0.966,-0.238,0.083,0.006,0.007,-0.364,0.000,-0.204,4911,5054;
178353,0.154,0.966,-0.248,0.056,-0.039,0.019,-0.364,0.000,-0.204,4908,5045;
178383,0.151,0.955,-0.269,0.073,-0.059,0.019,0.000,0.000,-0.408,4889,5011;
178413,0.154,0.978,-0.241,0.061,-0.070,0.023,0.000,0.000,-0.408,4897,5035;
178433,0.147,0.963,-0.248,0.051,-0.123,0.035,-0.091,-0.273,-0.408,4887,5026;
178463,0.158,0.966,-0.244,0.025,-0.180,0.042,-0.091,-0.273,-0.408,4886,5022;
178483,0.158,0.970,-0.248,0.066,-0.102,0.032,-0.091,-0.273,-0.408,4885,5016;
178513,0.151,0.978,-0.234,0.092,-0.051,0.029,0.000,0.000,-0.102,4882,5006;
178533,0.151,0.963,-0.255,0.029,-0.086,0.045,0.000,0.000,-0.102,4881,4996;
178563,0.147,0.970,-0.262,0.018,-0.126,0.036,0.182,-0.091,-0.408,4826,4986;
178593,0.154,0.981,-0.251,0.075,-0.102,0.042,0.182,-0.091,-0.408,4860,4978;
178613,0.139,0.959,-0.265,0.053,-0.113,0.057,0.182,-0.091,-0.408,4880,4976;
178643,0.158,0.963,-0.262,0.038,-0.119,0.056,0.273,-0.273,-0.408,4888,4971;
178673,0.162,0.966,-0.258,0.046,-0.085,0.049,0.273,-0.273,-0.408,4845,4964;
178693,0.162,0.966,-0.255,0.034,-0.046,0.039,0.000,-0.182,0.000,4894,4957;
178723,0.158,0.970,-0.265,0.024,-0.067,0.033,0.000,-0.182,0.000,4898,4949;
178743,0.154,0.963,-0.258,0.015,-0.055,0.034,0.000,-0.182,0.000,4901,4947;
178773,0.162,0.970,-0.258,0.015,-0.066,0.023,0.000,0.091,-0.408,4831,4940;
178803,0.154,0.970,-0.255,0.029,-0.068,0.019,0.000,0.091,-0.408,4907,4938;
178833,0.162,0.963,-0.255,0.021,-0.047,0.025,-0.182,0.364,-0.408,4910,4933;
178853,0.158,0.966,-0.258,0.001,-0.021,0.017,-0.182,0.364,-0.408,4912,4930;
178883,0.158,0.966,-0.251,-0.002,-0.019,0.008,-0.182,0.364,-0.408,4914,4926;
178913,0.154,0.966,-0.248,0.016,-0.032,0.011,0.000,0.273,-0.306,4916,4924;
178933,0.158,0.966,-0.255,0.011,-0.030,0.006,0.000,0.273,-0.306,4918,4922;
178963,0.162,0.966,-0.262,0.002,-0.011,0.007,0.000,0.273,-0.306,4918,4911;
178993,0.158,0.966,-0.255,0.007,0.000,-0.004,0.091,0.091,-0.510,4908,4919;
179023,0.162,0.966,-0.255,0.016,0.001,-0.010,0.091,0.091,-0.510,4912,4918;
179043,0.154,0.963,-0.255,0.008,0.011,-0.013,0.273,-0.182,-0.408,4921,4918;
179073,0.162,0.963,-0.258,0.013,0.032,-0.024,0.273,-0.182,-0.408,4921,4898;
179093,0.162,0.966,-0.258,0.018,0.045,-0.033,0.273,-0.182,-0.408,4921,4921;
179123,0.166,0.970,-0.262,0.028,0.074,-0.047,0.182,-0.182,-0.102,4921,4928;
179143,0.162,0.963,-0.255,0.039,0.108,-0.069,0.182,-0.182,-0.102,4913,4935;
179173,0.166,0.966,-0.255,0.039,0.146,-0.085,-0.273,-0.091,-0.306,4906,4922;
179203,0.154,0.966,-0.255,0.036,0.137,-0.081,-0.273,-0.091,-0.306,4901,4952;
179233,0.154,0.970,-0.258,0.017,0.129,-0.066,-0.273,-0.091,-0.306,4908,4986;
179253,0.151,0.974,-0.248,0.019,0.121,-0.064,0.091,0.000,-0.204,4907,5001;
179283,0.154,0.963,-0.248,0.023,0.129,-0.067,0.091,0.000,-0.204,4869,5012;
179303,0.147,0.966,-0.258,0.008,0.114,-0.070,-0.091,0.182,-0.306,4905,5027;
179333,0.147,0.970,-0.258,0.034,0.097,-0.064,-0.091,0.182,-0.306,4898,5046;
179353,0.154,0.966,-0.255,0.023,0.072,-0.058,-0.091,0.182,-0.306,4903,5063;
179383,0.151,0.970,-0.255,0.016,0.072,-0.035,0.000,-0.182,-0.510,4883,5067;
179413,0.154,0.966,-0.251,0.022,0.050,-0.027,0.000,-0.182,-0.510,4878,5087;
179443,0.143,0.959,-0.255,-0.018,0.030,-0.028,0.000,-0.182,-0.510,4911,5114;
179463,0.154,0.966,-0.258,-0.015,0.033,-0.029,0.000,0.000,-0.306,4916,5130;
179493,0.147,0.966,-0.251,-0.001,0.040,-0.023,0.000,0.000,-0.306,4865,5150;
179513,0.139,0.970,-0.248,0.007,0.017,-0.016,-0.091,-0.364,-0.204,4921,5165;
179543,0.151,0.966,-0.244,-0.008,0.004,-0.010,-0.091,-0.364,-0.204,4928,5180;
179563,0.154,0.970,-0.255,-0.025,0.007,-0.015,-0.091,-0.364,-0.204,4941,5196;
179593,0.147,0.966,-0.234,-0.034,0.013,-0.013,0.000,0.000,-0.102,4893,5218;
179623,0.139,0.974,-0.238,-0.035,0.001,-0.021,0.000,0.000,-0.102,4976,5255;
179653,0.151,0.970,-0.244,-0.092,-0.013,-0.047,-0.091,0.091,-0.408,4988,5288;
179673,0.162,0.978,-0.238,-0.057,0.002,-0.056,-0.091,0.091,-0.408,4986,5314;
179703,0.154,0.974,-0.231,-0.005,0.004,-0.033,-0.091,0.091,-0.408,4992,5332;
179733,0.151,0.970,-0.234,-0.030,-0.005,-0.022,0.000,0.182,-0.714,4995,5347;
179753,0.143,0.970,-0.234,-0.036,-0.002,-0.024,0.000,0.182,-0.714,5001,5361;
179783,0.132,0.978,-0.238,-0.010,0.000,-0.024,-0.091,-0.273,-0.306,5004,5343;
179813,0.128,0.974,-0.238,0.012,0.005,-0.023,-0.091,-0.273,-0.306,4965,5375;
179833,0.139,0.970,-0.244,0.017,0.008,-0.010,-0.091,-0.273,-0.306,5006,5392;
179863,0.139,0.970,-0.234,0.000,0.000,-0.007,-0.091,-0.091,0.000,5008,5397;
179893,0.139,0.978,-0.244,0.005,0.016,-0.011,-0.091,-0.091,0.000,5012,5383;
179913,0.139,0.966,-0.227,0.017,0.015,-0.002,-0.091,-0.091,0.000,5017,5406;
179943,0.139,0.974,-0.224,-0.008,-0.018,0.016,-0.091,0.091,-0.510,5032,5410;
179963,0.143,0.970,-0.231,-0.018,-0.008,0.019,-0.091,0.091,-0.510,5051,5411;
179993,0.151,0.978,-0.238,-0.001,0.016,0.008,-0.182,0.000,-0.714,5056,5394;
180023,0.143,0.970,-0.241,0.011,0.001,0.006,-0.182,0.000,-0.714,5071,5412;
180053,0.143,0.974,-0.241,0.033,0.006,0.004,-0.182,0.000,-0.714,5075,5409;
180073,0.147,0.970,-0.238,0.028,0.005,0.001,-0.182,0.000,-0.714,5067,5403;
180103,0.139,0.970,-0.234,0.030,0.023,-0.004,-0.182,0.000,-0.714,5025,5397;
180123,0.147,0.974,-0.231,0.040,0.021,-0.006,-0.091,-0.091,0.102,5068,5386;
180153,0.143,0.974,-0.241,0.015,0.006,0.006,-0.091,-0.091,0.102,5067,5367;
180183,0.151,0.989,-0.224,0.057,0.021,0.007,-0.091,-0.091,0.102,5061,5342;
180213,0.143,0.970,-0.234,0.067,0.016,-0.001,0.182,0.182,-0.204,5000,5312;
180233,0.147,0.970,-0.220,0.044,0.017,-0.013,0.182,0.182,-0.204,5009,5293;
180263,0.136,0.959,-0.238,0.050,0.022,0.007,0.182,-0.182,-1.531,4973,5275;
180283,0.147,0.970,-0.241,0.052,0.010,0.019,0.182,-0.182,-1.531,4986,5272;
180313,0.143,0.963,-0.234,0.052,0.006,0.010,0.182,-0.182,-1.531,5002,5270;
180343,0.143,0.966,-0.238,0.038,0.010,0.000,0.000,0.091,0.204,5016,5257;
180363,0.151,0.974,-0.244,0.038,0.015,-0.007,0.000,0.091,0.204,5007,5249;
180393,0.147,0.974,-0.238,0.056,0.016,-0.001,0.000,-0.091,0.408,4980,5240;
180423,0.147,0.974,-0.241,0.039,0.008,-0.001,0.000,-0.091,0.408,4964,5231;
180453,0.158,0.966,-0.241,0.025,0.007,0.001,0.000,-0.091,0.408,4986,5223;
180473,0.151,0.966,-0.241,0.030,0.011,-0.004,0.000,-0.182,0.000,4984,5216;
180503,0.143,0.970,-0.238,0.044,0.013,0.002,0.000,-0.182,0.000,4983,5189;
180523,0.158,0.978,-0.231,0.025,0.010,-0.001,0.000,-0.182,0.000,4982,5205;
180553,0.147,0.970,-0.244,0.018,0.000,-0.002,-0.091,0.000,-0.714,4982,5201;
180573,0.147,0.978,-0.244,0.032,0.002,-0.010,-0.091,0.000,-0.714,4980,5197;
180613,0.151,0.974,-0.241,0.036,0.007,-0.019,-0.091,-0.273,-0.510,4965,5172;
180643,0.169,0.981,-0.234,0.035,-0.005,-0.006,-0.091,-0.273,-0.510,4974,5187;
180663,0.154,0.970,-0.234,0.027,0.001,0.001,-0.182,-0.091,-0.306,4970,5179;
180693,0.147,0.974,-0.248,0.033,0.005,0.000,-0.182,-0.091,-0.306,4967,5171;
180713,0.143,0.978,-0.244,0.050,-0.034,0.006,-0.182,-0.091,-0.306,4913,5162;
180743,0.143,0.970,-0.244,0.039,-0.047,0.019,0.000,-0.182,-0.306,4956,5071;
180763,0.143,0.985,-0.224,0.024,-0.027,0.016,0.000,-0.182,-0.306,4952,5133;
180793,0.151,0.970,-0.248,0.039,-0.044,0.021,0.000,-0.182,-0.306,4949,5112;
180823,0.151,0.981,-0.238,0.041,-0.064,0.036,-0.091,0.000,-0.714,4889,5103;
180843,0.139,0.963,-0.248,0.017,-0.052,0.033,-0.091,0.000,-0.714,4944,5094;
180873,0.151,0.970,-0.248,0.013,-0.035,0.018,-0.091,0.000,-0.612,4943,5078;
180903,0.147,0.963,-0.248,0.027,-0.025,0.019,-0.091,0.000,-0.612,4939,5064;
180923,0.151,0.963,-0.238,-0.001,-0.051,0.019,-0.091,0.000,-0.612,4883,5050;
180953,0.158,0.978,-0.244,0.018,-0.064,0.033,0.091,-0.182,-0.408,4935,5032;
180973,0.154,0.978,-0.241,0.053,-0.045,0.040,0.091,-0.182,-0.408,4932,5018;
181003,0.154,0.966,-0.241,0.027,-0.078,0.040,0.091,-0.182,-0.408,4915,5003;
181033,0.147,0.966,-0.244,0.006,-0.050,0.028,-0.091,-0.364,-0.102,4924,4990;
181063,0.151,0.974,-0.244,0.013,-0.040,0.028,-0.091,-0.364,-0.102,4934,4984;
181083,0.154,0.966,-0.251,0.036,-0.056,0.027,0.182,0.000,0.102,4931,4975;
181113,0.151,0.963,-0.244,0.023,-0.046,0.027,0.182,0.000,0.102,4940,4966;
181133,0.154,0.966,-0.251,0.001,-0.038,0.019,0.182,0.000,0.102,4943,4957;
181163,0.158,0.974,-0.251,0.002,-0.040,0.023,0.000,0.091,-0.102,4943,4950;
181183,0.158,0.970,-0.241,0.010,-0.061,0.027,0.000,0.091,-0.102,4944,4942;
181213,0.158,0.970,-0.241,-0.001,-0.045,0.018,0.000,0.000,-0.306,4947,4922;
181243,0.158,0.966,-0.251,0.007,-0.029,0.016,0.000,0.000,-0.306,4950,4939;
181273,0.158,0.970,-0.248,0.023,-0.013,0.016,0.000,0.000,-0.306,4949,4936;
181293,0.154,0.970,-0.241,0.019,-0.004,0.001,0.000,0.000,0.102,4954,4934;
181323,0.154,0.966,-0.244,0.015,-0.007,0.000,0.000,0.000,0.102,4954,4910;
181343,0.147,0.963,-0.248,0.018,0.000,0.002,0.000,-0.182,-0.306,4954,4931;
181373,0.162,0.974,-0.238,0.019,0.005,-0.008,0.000,-0.182,-0.306,4954,4931;
181403,0.151,0.970,-0.244,0.028,0.008,-0.007,0.000,-0.182,-0.306,4953,4919;
181433,0.158,0.966,-0.244,0.021,0.006,-0.004,-0.182,-0.636,-1.735,4881,4936;
181453,0.158,0.966,-0.244,0.002,0.023,-0.007,-0.182,-0.636,-1.735,4945,4950;
181483,0.158,0.966,-0.244,0.001,0.012,-0.013,0.000,0.091,-0.204,4949,4964;
181503,0.169,0.974,-0.251,0.027,0.041,-0.036,0.000,0.091,-0.204,4948,4974;
181533,0.166,0.963,-0.244,0.019,0.073,-0.049,0.000,0.091,-0.204,4898,4982;
181563,0.162,0.978,-0.251,0.023,0.079,-0.047,-0.091,-0.273,-0.204,4943,4988;
181583,0.154,0.978,-0.244,0.049,0.090,-0.050,-0.091,-0.273,-0.204,4941,4995;
181613,0.151,0.970,-0.244,0.061,0.078,-0.055,-0.091,-0.273,-0.204,4821,4991;
181643,0.154,0.970,-0.241,0.036,0.062,-0.047,0.000,-0.545,0.102,4787,5026;
181673,0.154,0.970,-0.248,0.028,0.066,-0.041,0.000,-0.545,0.102,4934,5066;
181693,0.154,0.966,-0.244,0.030,0.067,-0.034,0.091,0.182,-0.204,4936,5091;
181723,0.154,0.963,-0.251,0.011,0.052,-0.033,0.091,0.182,-0.204,4767,5092;
181753,0.151,0.944,-0.255,-0.012,0.046,-0.033,0.091,0.182,-0.204,4948,5134;
181773,0.151,0.970,-0.248,0.004,0.050,-0.035,-0.273,-0.182,-0.714,4953,5157;
181803,0.151,0.966,-0.241,-0.035,0.046,-0.034,-0.273,-0.182,-0.714,4964,5173;
181833,0.143,0.978,-0.241,-0.006,0.051,-0.025,-0.273,0.091,-0.510,4948,5170;
181863,0.147,0.974,-0.231,0.013,0.042,-0.028,-0.273,0.091,-0.510,4973,5205;
181883,0.139,0.966,-0.234,-0.013,0.019,-0.030,-0.273,0.091,-0.510,4983,5223;
181913,0.151,0.978,-0.238,-0.005,0.024,-0.016,-0.091,0.000,-0.510,4991,5242;
181933,0.147,0.974,-0.234,-0.004,0.013,-0.002,-0.091,0.000,-0.510,5000,5242;
181963,0.147,0.959,-0.244,0.000,0.006,-0.006,0.000,0.000,0.000,5009,5274;
181983,0.158,0.974,-0.238,-0.002,0.010,-0.016,0.000,0.000,0.000,5010,5289;
182013,0.154,0.974,-0.231,0.002,0.004,-0.010,0.000,0.000,0.000,5003,5301;
182043,0.151,0.978,-0.234,-0.006,-0.012,-0.006,0.000,-0.182,0.000,4989,5322;
182073,0.147,0.966,-0.238,-0.019,-0.004,0.000,0.000,-0.182,0.000,5049,5337;
182093,0.147,0.970,-0.244,-0.006,-0.002,-0.010,0.091,0.091,-0.102,5061,5352;
182123,0.151,0.974,-0.234,0.008,-0.002,-0.002,0.091,0.091,-0.102,5074,5360;
182143,0.151,0.978,-0.238,0.021,-0.001,0.000,0.091,0.091,-0.102,5081,5362;
182173,0.143,0.970,-0.231,0.013,-0.002,0.004,0.091,-0.091,-0.510,5098,5370;
182193,0.147,0.970,-0.238,0.005,0.000,0.000,0.091,-0.091,-0.510,5110,5378;
182223,0.151,0.978,-0.231,0.004,-0.001,-0.001,0.091,-0.091,-0.510,5100,5375;
182243,0.147,0.974,-0.231,0.011,-0.001,-0.001,0.182,-0.273,-0.408,5120,5362;
182273,0.154,0.978,-0.231,0.024,0.015,-0.002,0.182,-0.273,-0.408,5112,5379;
182293,0.151,0.966,-0.234,0.022,0.004,-0.001,-0.091,-0.091,-0.204,5138,5387;
182323,0.151,0.974,-0.234,0.013,0.004,0.001,-0.091,-0.091,-0.204,5144,5389;
182343,0.151,0.978,-0.231,0.018,0.012,-0.001,-0.091,-0.091,-0.204,5148,5370;
182373,0.154,0.974,-0.234,0.022,0.015,-0.001,-0.091,0.000,-0.306,5152,5391;
182393,0.154,0.970,-0.234,0.024,0.010,0.004,-0.091,0.000,-0.306,5153,5391;
182423,0.151,0.970,-0.234,0.027,0.018,-0.006,-0.091,0.000,-0.306,5154,5390;
182463,0.147,0.970,-0.241,0.021,0.008,-0.004,0.182,-0.182,-0.306,5143,5382;
182483,0.154,0.978,-0.231,0.021,0.007,-0.004,0.182,-0.182,-0.306,5151,5382;
182513,0.154,0.978,-0.227,0.024,-0.002,-0.004,0.091,0.364,-0.204,5148,5375;
182533,0.151,0.978,-0.224,0.027,0.017,-0.007,0.091,0.364,-0.204,5146,5364;
182563,0.151,0.974,-0.234,0.025,0.015,-0.005,0.091,0.364,-0.204,5094,5354;
182583,0.151,0.974,-0.231,0.046,0.011,-0.006,0.091,1.000,1.122,5128,5344;
182613,0.154,0.970,-0.234,0.022,0.015,-0.006,0.091,1.000,1.122,5122,5321;
182643,0.158,0.985,-0.244,0.061,0.028,0.004,0.000,-0.636,-1.327,5102,5304;
182673,0.147,0.970,-0.234,0.058,0.011,-0.002,0.000,-0.636,-1.327,5104,5289;
182693,0.151,0.970,-0.238,0.030,-0.004,-0.012,0.000,-0.636,-1.327,5095,5277;
182723,0.147,0.974,-0.238,0.038,0.022,-0.010,-0.091,0.091,0.000,5090,5263;
182743,0.154,0.974,-0.238,0.032,0.015,0.006,-0.091,0.091,0.000,5086,5251;
182773,0.147,0.974,-0.241,0.040,0.000,0.002,0.091,-0.273,0.714,5081,5238;
182793,0.154,0.970,-0.234,0.038,0.005,-0.005,0.091,-0.273,0.714,5075,5225;
182823,0.147,0.974,-0.234,0.034,0.008,-0.005,0.091,-0.273,0.714,5062,5205;
182853,0.143,0.974,-0.241,0.036,-0.012,-0.002,-0.091,0.000,-0.204,5060,5173;
182883,0.158,0.974,-0.224,0.040,-0.021,0.001,-0.091,0.000,-0.204,5050,5178;
182913,0.158,0.970,-0.244,0.046,-0.028,0.004,-0.091,0.182,0.000,5044,5162;
182933,0.154,0.963,-0.241,0.044,-0.016,-0.001,-0.091,0.182,0.000,5037,5148;
182953,0.154,0.978,-0.238,0.064,-0.039,0.011,-0.091,0.182,0.000,5030,5115;
182983,0.154,0.981,-0.241,0.063,-0.035,0.012,-0.091,-0.909,-0.408,5023,5116;
183013,0.147,0.963,-0.241,0.032,-0.030,0.010,-0.091,-0.909,-0.408,5016,5099;
183043,0.154,0.974,-0.234,0.041,-0.078,0.013,-0.091,-0.909,-0.408,4999,5069;
183073,0.139,0.966,-0.251,0.053,-0.051,0.019,0.000,0.000,-0.204,4945,5073;
183093,0.147,0.966,-0.244,0.034,-0.036,0.016,0.000,0.000,-0.204,4988,5062;
183123,0.154,0.970,-0.238,0.025,-0.040,0.012,0.000,0.000,-0.306,4983,5051;
183143,0.154,0.966,-0.248,0.024,-0.038,0.015,0.000,0.000,-0.306,4979,5039;
183173,0.154,0.974,-0.238,0.030,-0.006,0.005,0.000,0.000,-0.306,4972,5025;
183193,0.132,0.951,-0.248,0.044,0.001,0.005,-0.091,-0.818,-1.531,4967,5017;
183223,0.158,0.966,-0.238,0.034,-0.015,0.005,-0.091,-0.818,-1.531,4971,4999;
183253,0.151,0.970,-0.241,0.030,-0.018,0.008,-0.091,0.182,-0.510,4970,4990;
183273,0.151,0.966,-0.238,0.029,-0.019,0.015,0.000,0.182,-0.510,4921,4987;
183303,0.154,0.974,-0.248,0.028,-0.052,0.016,0.000,0.182,-0.510,4970,4979;
183323,0.154,0.970,-0.241,0.025,-0.041,0.012,0.091,0.000,-0.408,4969,4971;
183353,0.154,0.978,-0.244,0.023,-0.024,0.006,0.091,0.000,-0.408,4970,4964;
183373,0.154,0.966,-0.248,0.018,-0.028,0.004,0.091,0.000,-0.408,4943,4954;
183403,0.147,0.974,-0.251,0.012,-0.018,0.006,0.000,-0.091,0.102,4970,4948;
183433,0.147,0.966,-0.241,0.016,-0.012,0.002,0.000,-0.091,0.102,4961,4937;
183463,0.154,0.966,-0.241,0.004,-0.016,0.005,0.091,-0.091,-0.714,4969,4933;
183493,0.154,0.974,-0.244,0.033,0.006,0.006,0.091,-0.091,-0.714,4971,4928;
183513,0.154,0.970,-0.248,0.017,-0.005,0.008,0.091,-0.091,-0.714,4972,4924;
183543,0.158,0.970,-0.244,0.007,-0.033,0.002,0.091,-0.182,-0.204,4972,4921;
183563,0.158,0.978,-0.241,0.019,-0.007,0.002,0.091,-0.182,-0.204,4966,4919;
183593,0.162,0.970,-0.244,0.024,-0.015,0.004,0.000,0.000,0.204,4972,4924;
183623,0.158,0.966,-0.241,0.005,-0.055,0.007,0.000,0.000,0.204,4969,4930;
183653,0.151,0.970,-0.231,0.004,-0.010,0.011,0.000,0.000,0.204,4968,4961;
183683,0.158,0.978,-0.244,-0.001,-0.059,0.000,0.000,0.000,-0.204,4967,4965;
183703,0.158,0.963,-0.251,-0.006,-0.023,-0.023,0.000,0.000,-0.204,4964,5007;
183733,0.158,0.963,-0.248,0.028,0.040,-0.038,0.182,-0.091,-0.306,4854,4958;
183753,0.151,0.951,-0.244,0.045,0.040,-0.030,0.182,-0.091,-0.306,4952,5041;
183783,0.158,0.974,-0.248,0.053,0.033,-0.017,0.182,-0.091,-0.306,4956,5033;
183803,0.151,0.970,-0.248,0.030,0.056,-0.029,0.000,-0.182,-1.122,4956,5060;
183833,0.151,0.966,-0.248,0.019,0.072,-0.041,0.000,-0.182,-1.122,4910,5015;
183863,0.147,0.951,-0.251,0.008,0.055,-0.038,0.091,-1.000,-1.122,4940,5086;
183893,0.147,0.970,-0.248,0.002,0.029,-0.010,0.091,-1.000,-1.122,4914,5102;
183923,0.147,0.966,-0.248,-0.007,0.018,-0.002,0.091,-1.000,-1.122,4964,5122;
183943,0.147,0.970,-0.255,-0.011,0.030,-0.002,0.000,-0.091,0.000,4974,5141;
183973,0.151,0.970,-0.234,-0.021,0.029,-0.005,0.000,-0.091,0.000,4980,5159;
183993,0.151,0.978,-0.238,-0.004,0.025,-0.013,-0.091,0.000,0.102,4940,5171;
184023,0.154,0.970,-0.248,-0.006,0.029,-0.007,-0.091,0.000,0.102,4996,5181;
184053,0.162,0.966,-0.234,-0.004,0.035,-0.016,-0.091,0.000,0.102,4975,5189;
184073,0.162,0.981,-0.238,0.002,0.033,-0.015,0.000,0.182,-0.714,5012,5218;
184103,0.154,0.970,-0.238,0.010,0.024,-0.013,0.000,0.182,-0.714,5022,5228;
184133,0.158,0.970,-0.241,0.005,0.017,-0.013,0.000,0.182,-0.714,5031,5240;
184153,0.151,0.974,-0.238,0.005,0.016,-0.016,-0.091,-0.182,-0.510,5034,5255;
184183,0.151,0.974,-0.224,0.027,0.025,-0.019,-0.091,-0.182,-0.510,5036,5271;
184203,0.151,0.974,-0.234,0.021,0.013,-0.018,-0.091,0.000,0.510,5043,5290;
184233,0.151,0.974,-0.238,0.012,0.005,-0.016,-0.091,0.000,0.510,5052,5306;
184263,0.154,0.966,-0.238,0.015,0.011,-0.012,-0.091,0.000,0.510,5034,5325;
184293,0.151,0.970,-0.238,0.001,0.004,-0.006,-0.182,0.182,-0.612,5074,5333;
184313,0.143,0.970,-0.244,0.007,-0.028,0.005,-0.182,0.182,-0.612,5089,5366;
184343,0.147,0.974,-0.234,0.015,-0.024,-0.006,-0.091,-0.091,-0.306,5102,5382;
184363,0.147,0.966,-0.241,-0.015,-0.005,-0.013,-0.091,-0.091,-0.306,5121,5389;
184393,0.151,0.974,-0.238,0.006,0.018,-0.007,-0.091,-0.091,-0.306,5130,5377;
184413,0.158,0.978,-0.227,0.005,0.008,-0.004,0.182,-0.091,-0.612,5140,5404;
184443,0.151,0.974,-0.238,-0.012,-0.008,-0.013,0.182,-0.091,-0.612,5152,5409;
184473,0.162,0.985,-0.224,0.004,0.011,-0.011,0.000,0.000,-0.204,5131,5412;
184503,0.147,0.978,-0.224,0.017,0.008,-0.001,0.000,0.000,-0.204,5164,5410;
184523,0.147,0.966,-0.234,0.027,0.011,-0.001,0.000,0.000,-0.204,5167,5413;
184553,0.147,0.970,-0.238,0.024,0.015,-0.011,0.091,-0.182,-0.510,5168,5407;
184573,0.151,0.974,-0.238,0.033,0.017,-0.006,0.091,-0.182,-0.510,5167,5399;
184603,0.147,0.974,-0.231,0.030,0.017,-0.005,0.091,-0.182,-0.510,5148,5389;
184633,0.147,0.970,-0.227,0.023,0.004,-0.005,0.091,-0.182,-0.816,5157,5378;
184663,0.158,0.981,-0.241,0.032,0.008,-0.004,0.091,-0.182,-0.816,5146,5361;
184683,0.158,0.978,-0.224,0.049,0.032,-0.011,0.000,0.091,-0.510,5143,5339;
184713,0.151,0.970,-0.234,0.055,0.038,-0.016,0.000,0.091,-0.510,5083,5320;
184743,0.154,0.974,-0.234,0.057,0.036,-0.004,0.000,0.091,-0.510,5120,5302;
184763,0.151,0.978,-0.227,0.049,0.012,0.005,-0.091,0.364,-0.102,5109,5287;
184793,0.154,0.978,-0.234,0.045,0.011,0.004,-0.091,0.364,-0.102,5100,5272;
184813,0.154,0.970,-0.241,0.057,0.025,0.008,0.000,0.091,-0.408,5061,5257;
184843,0.154,0.978,-0.241,0.052,0.022,0.017,0.000,0.091,-0.408,5087,5234;
184873,0.154,0.978,-0.234,0.061,0.008,0.017,0.000,0.091,-0.408,5065,5213;
184893,0.147,0.970,-0.241,0.072,0.012,0.015,0.000,0.455,1.122,5064,5204;
184923,0.154,0.985,-0.238,0.101,0.025,0.008,0.000,0.455,1.122,5051,5181;
184943,0.151,0.959,-0.231,0.081,0.032,0.018,0.000,0.000,-0.612,5043,5158;
184973,0.154,0.951,-0.244,0.036,-0.019,0.028,0.000,0.000,-0.612,5037,5139;
185003,0.154,0.974,-0.248,0.034,0.002,0.012,0.000,0.000,-0.612,5028,5124;
185023,0.158,0.978,-0.244,0.062,0.024,0.001,-0.182,0.000,0.306,5014,5099;
185053,0.158,0.970,-0.248,0.063,-0.005,0.015,-0.182,0.000,0.306,4989,5071;
185083,0.158,0.963,-0.251,0.044,-0.025,0.012,0.182,1.000,0.102,4980,5057;
185103,0.166,0.970,-0.248,0.040,-0.010,0.000,0.182,1.000,0.102,4990,5018;
185133,0.162,0.978,-0.241,0.051,-0.032,0.011,0.182,1.000,0.102,4981,5013;
185163,0.154,0.974,-0.241,0.062,-0.050,0.034,0.182,-0.182,-0.306,4968,4990;
185183,0.151,0.966,-0.241,0.044,-0.042,0.032,0.182,-0.182,-0.306,4968,4969;
185213,0.147,0.981,-0.244,0.076,0.000,0.022,0.182,-0.182,-0.306,4962,4923;
185233,0.143,0.966,-0.248,0.074,-0.050,0.035,0.000,0.000,-0.102,4956,4915;
185263,0.151,0.970,-0.265,0.064,-0.114,0.055,0.000,0.000,-0.102,4934,4884;
185293,0.158,0.966,-0.258,0.058,-0.063,0.055,0.000,-0.273,-0.714,4948,4860;
185323,0.166,0.970,-0.251,0.064,-0.064,0.047,0.000,-0.273,-0.714,4901,4839;
185343,0.158,0.970,-0.258,0.059,-0.129,0.057,0.000,-0.273,-0.714,4941,4820;
185373,0.154,0.966,-0.255,0.067,-0.155,0.075,-0.091,0.182,-0.408,4946,4806;
185403,0.162,0.963,-0.258,0.055,-0.125,0.067,-0.091,0.182,-0.408,4945,4795;
185423,0.169,0.966,-0.258,0.050,-0.107,0.052,-0.091,-0.091,-0.306,4908,4784;
185453,0.169,0.966,-0.265,0.033,-0.181,0.055,-0.091,-0.091,-0.306,4947,4779;
185483,0.162,0.963,-0.258,0.021,-0.102,0.052,-0.091,-0.091,-0.306,4939,4772;
185503,0.169,0.959,-0.262,0.021,-0.057,0.021,0.091,-0.091,-0.408,4947,4772;
185533,0.169,0.963,-0.258,0.006,-0.053,0.010,0.091,-0.091,-0.408,4909,4770;
185553,0.169,0.966,-0.255,0.000,-0.039,0.007,0.091,-0.091,-0.408,4959,4767;
185583,0.162,0.966,-0.251,0.016,-0.018,0.004,0.000,-0.091,-1.224,4961,4763;
185613,0.166,0.966,-0.258,0.022,-0.006,0.000,0.000,-0.091,-1.224,4962,4761;
185633,0.162,0.966,-0.258,0.012,-0.002,-0.008,0.000,0.000,-0.102,4932,4757;
185663,0.162,0.970,-0.251,0.012,-0.002,-0.006,0.000,0.000,-0.102,4947,4749;
185693,0.166,0.963,-0.251,0.013,0.010,-0.010,0.182,1.000,-0.306,4962,4751;
185723,0.166,0.966,-0.255,0.024,0.027,-0.013,0.182,1.000,-0.306,4964,4749;
185743,0.162,0.966,-0.255,0.033,0.044,-0.016,0.182,1.000,-0.306,4963,4747;
185773,0.169,0.966,-0.265,0.042,0.051,-0.024,0.091,-0.182,-0.204,4961,4745;
185803,0.166,0.966,-0.255,0.028,0.055,-0.023,0.091,-0.182,-0.204,4961,4744;
185823,0.162,0.966,-0.258,0.024,0.069,-0.025,0.091,-0.182,-0.204,4957,4726;
185853,0.158,0.959,-0.265,0.021,0.079,-0.034,0.182,0.545,0.000,4868,4700;
185883,0.158,0.955,-0.269,0.029,0.075,-0.035,0.182,0.545,0.000,4942,4733;
185913,0.166,0.963,-0.262,0.034,0.052,-0.028,0.000,0.182,-0.204,4948,4748;
185933,0.166,0.959,-0.258,0.021,0.049,-0.022,0.000,0.182,-0.204,4945,4680;
