93335,0.105,0.989,-0.178,0.028,0.004,-0.010,0.091,-0.273,-0.204,4807,4271;
93337,0.113,0.996,-0.171,0.016,0.002,-0.012,0.000,0.091,-0.714,4798,4266;
93341,0.109,0.989,-0.178,0.022,0.011,-0.015,0.000,0.091,-0.714,4762,4266;
93342,0.109,0.989,-0.178,0.016,-0.004,-0.012,0.000,0.091,-0.714,4795,4265;
93343,0.109,0.989,-0.189,0.004,-0.007,-0.013,0.000,0.091,0.204,4797,4265;
93344,0.109,0.996,-0.178,0.013,-0.001,-0.017,0.000,0.091,0.204,4796,4258;
93345,0.098,0.996,-0.178,0.025,0.002,-0.017,0.000,0.091,0.204,4761,4264;
93346,0.102,0.989,-0.171,0.029,0.007,-0.017,0.000,-0.091,0.204,4794,4262;
93347,0.109,0.996,-0.182,0.005,-0.005,-0.013,0.000,-0.091,0.204,4795,4263;
93421,0.105,0.996,-0.175,0.027,0.032,-0.016,0.000,-0.091,0.204,4793,4261;
93422,0.094,0.981,-0.182,0.011,0.006,-0.013,0.091,-0.182,-0.204,4788,4258;
93423,0.109,0.996,-0.164,0.046,0.012,-0.011,0.091,-0.182,-0.204,4785,4256;
93424,0.109,0.993,-0.171,0.038,-0.007,-0.019,0.273,0.000,-0.204,4785,4255;
93453,0.113,0.989,-0.175,-0.002,-0.032,-0.013,0.273,0.000,-0.204,4791,4250;
93483,0.094,0.989,-0.175,0.022,-0.010,-0.011,0.273,0.000,-0.204,4778,4253;
93503,0.087,0.978,-0.182,0.027,-0.018,-0.019,0.182,0.273,-0.204,4799,4261;
93533,0.105,0.989,-0.171,0.010,-0.002,-0.023,0.182,0.273,-0.204,4799,4261;
93563,0.102,0.996,-0.164,0.032,0.001,-0.007,0.000,0.000,-0.918,4799,4261;
93583,0.094,1.000,-0.164,0.039,-0.012,-0.008,0.000,0.000,-0.918,4800,4259;
93613,0.090,0.996,-0.171,0.032,0.000,-0.008,0.000,0.000,-0.918,4800,4258;
93633,0.098,0.993,-0.171,0.036,0.022,-0.016,0.000,-0.091,-0.612,4799,4258;
93663,0.102,0.981,-0.171,0.039,0.033,-0.018,0.000,-0.091,-0.612,4786,4254;
93693,0.102,0.989,-0.178,0.010,0.010,-0.030,-0.182,0.000,-0.612,4776,4256;
93713,0.105,0.996,-0.171,0.002,0.030,-0.042,-0.182,0.000,-0.612,4788,4255;
93743,0.098,0.996,-0.168,0.000,0.039,-0.055,-0.182,0.000,-0.612,4792,4255;
93763,0.098,0.978,-0.161,-0.011,0.018,-0.064,0.091,-0.091,-0.408,4790,4240;
93793,0.113,0.985,-0.161,-0.034,0.007,-0.074,0.091,-0.091,-0.408,4790,4256;
93813,0.113,0.981,-0.147,-0.069,0.000,-0.098,0.091,-0.091,-0.408,4789,4257;
93843,0.113,0.981,-0.154,-0.062,0.053,-0.108,0.091,-0.182,-0.306,4788,4257;
93873,0.105,0.996,-0.157,-0.066,0.074,-0.119,0.091,-0.182,-0.306,4778,4237;
93903,0.105,0.974,-0.171,-0.059,0.166,-0.141,-0.182,0.091,-0.408,4754,4257;
93933,0.128,0.978,-0.178,-0.078,0.123,-0.144,-0.182,0.091,-0.408,4774,4259;
93953,0.139,0.985,-0.175,-0.143,0.067,-0.153,-0.182,0.091,-0.408,4767,4261;
93983,0.132,0.978,-0.161,-0.140,-0.027,-0.135,0.091,0.091,-0.306,4723,4259;
94003,0.094,0.963,-0.143,-0.141,0.029,-0.115,0.091,0.091,-0.306,4758,4255;
94033,0.049,0.884,-0.063,-0.313,0.109,-0.101,0.091,0.182,-0.306,4762,4252;
94053,0.026,0.880,-0.094,-0.367,-0.004,-0.057,0.091,0.182,-0.306,4772,4246;
94083,0.034,1.019,-0.217,-0.110,0.251,0.005,0.091,0.182,-0.306,4744,4226;
94113,0.053,1.094,-0.276,-0.011,0.263,-0.091,0.000,0.818,1.735,4757,4222;
94143,0.173,1.237,-0.318,0.101,0.336,-0.178,0.000,0.818,1.735,4720,4205;
94163,0.215,1.090,-0.258,0.113,0.050,-0.138,0.000,-0.091,0.102,4701,4218;
94193,0.196,1.027,-0.255,0.142,-0.277,-0.126,0.000,-0.091,0.102,4661,4260;
94213,0.117,0.978,-0.279,0.280,-0.290,-0.165,0.000,-0.091,0.102,4713,4293;
94243,0.064,0.929,-0.290,0.285,-0.270,-0.161,-0.091,0.182,0.000,4719,4297;
94263,0.023,0.865,-0.244,0.129,-0.172,-0.134,-0.091,0.182,0.000,4718,4288;
94303,0.060,0.959,-0.244,0.015,-0.172,-0.106,0.182,0.455,1.122,4731,4285;
94323,0.064,0.959,-0.231,0.047,-0.114,-0.085,0.182,0.455,1.122,4747,4295;
94353,0.094,0.902,-0.238,-0.038,-0.227,-0.056,0.182,0.455,1.122,4773,4318;
94373,0.075,0.914,-0.244,-0.061,-0.222,-0.052,0.182,0.000,-0.510,4810,4343;
94403,0.049,0.929,-0.258,-0.108,-0.210,-0.074,0.182,0.000,-0.510,4843,4365;
94423,0.064,0.936,-0.238,-0.227,-0.221,-0.101,0.182,0.000,-0.510,4869,4383;
94453,0.034,0.963,-0.234,-0.214,-0.263,-0.061,0.091,0.091,-0.408,4888,4397;
94483,0.000,1.004,-0.276,-0.174,-0.200,-0.010,0.091,0.091,-0.408,4865,4399;
94513,-0.011,1.038,-0.231,-0.169,-0.188,-0.035,0.000,-0.909,-1.531,4917,4420;
94543,0.034,1.057,-0.307,-0.032,-0.038,0.002,0.000,-0.909,-1.531,4941,4435;
94563,0.079,0.996,-0.262,-0.135,-0.097,0.012,0.000,-0.909,-1.531,4954,4442;
94593,0.098,1.004,-0.286,-0.183,-0.146,0.018,0.182,0.273,0.000,4962,4451;
94613,0.105,1.038,-0.283,-0.182,-0.151,0.015,0.182,0.273,0.000,4971,4493;
94643,0.079,1.098,-0.314,-0.036,-0.136,0.044,-0.091,-0.182,-0.510,4970,4509;
94663,0.072,1.087,-0.307,-0.016,-0.089,0.050,-0.091,-0.182,-0.510,4953,4491;
94693,0.004,1.042,-0.251,-0.006,-0.033,0.023,-0.091,-0.182,-0.510,4918,4525;
94723,-0.011,0.963,-0.220,-0.013,0.063,-0.017,0.000,0.000,-0.102,4956,4600;
94753,0.000,1.154,-0.049,0.056,0.232,-0.193,0.000,0.000,-0.102,5002,4669;
94773,-0.004,1.079,0.143,0.195,0.041,-0.187,0.000,0.727,-0.204,5053,4726;
94803,0.000,0.996,0.171,0.453,-0.372,0.154,0.000,0.727,-0.204,5024,4755;
94823,0.030,1.030,0.101,0.359,-0.903,0.297,0.000,0.727,-0.204,5052,4749;
94853,-0.173,1.030,-0.031,0.257,-0.124,0.216,-0.273,-0.091,-0.612,5050,4731;
94883,-0.188,1.057,-0.080,0.259,0.318,0.229,-0.273,-0.091,-0.612,5022,4708;
94903,-0.034,0.906,-0.045,0.059,0.384,0.308,0.000,0.000,-0.612,5004,4703;
94933,0.128,0.869,-0.073,-0.168,0.317,0.368,0.000,0.000,-0.612,5078,4672;
94963,0.120,0.925,-0.101,-0.138,0.424,0.367,0.000,0.000,-0.612,5128,4627;
94983,0.056,0.966,-0.161,0.015,0.589,0.373,-0.273,0.091,0.204,5170,4588;
95013,0.139,0.902,-0.150,0.063,0.595,0.361,-0.273,0.091,0.204,5162,4552;
95033,0.196,0.902,-0.168,0.068,0.397,0.308,-0.273,0.091,0.204,5229,4515;
95063,0.196,0.921,-0.185,0.045,0.338,0.228,0.091,-0.091,-0.102,5238,4482;
95093,0.158,0.906,-0.196,0.022,0.313,0.100,0.091,-0.091,-0.102,5231,4432;
95123,0.136,0.974,-0.210,0.062,0.256,-0.011,-0.273,-0.273,-0.204,5231,4404;
95143,0.105,0.963,-0.231,0.195,0.374,-0.064,-0.273,-0.273,-0.204,5216,4356;
95173,0.120,0.933,-0.220,0.231,0.418,-0.095,-0.273,-0.273,-0.204,5184,4320;
95203,0.173,0.933,-0.210,0.169,0.552,-0.085,-0.091,0.000,-1.122,5130,4280;
95223,0.143,0.970,-0.210,0.142,0.669,-0.121,-0.091,0.000,-1.122,5053,4240;
95253,0.226,1.049,-0.276,0.270,0.639,-0.078,0.182,-0.182,0.000,4976,4189;
95283,0.470,1.105,-0.297,0.171,0.568,-0.001,0.182,-0.182,0.000,4892,4146;
95303,0.455,1.075,-0.328,0.101,0.127,0.013,0.182,-0.182,0.000,4814,4095;
95333,0.395,1.124,-0.402,0.202,-0.041,0.142,-0.091,-0.182,0.306,4811,4077;
95363,0.388,1.121,-0.276,0.177,-0.132,0.158,-0.091,-0.182,0.306,4790,4066;
95383,0.158,0.763,0.049,-0.611,-0.012,-0.016,0.000,0.182,-0.510,4846,4092;
95413,-0.087,0.869,0.192,-0.517,-0.095,0.170,0.000,0.182,-0.510,4975,4057;
95433,-0.087,1.252,0.133,-0.040,0.220,0.379,0.000,0.182,-0.510,5040,3987;
95463,0.120,1.685,-0.126,0.858,0.063,0.498,0.091,0.091,-0.102,4958,3852;
95503,-0.011,1.102,-0.210,0.698,0.293,0.186,0.091,0.091,-0.102,4884,3933;
95523,0.252,0.940,-0.129,0.607,-0.595,0.107,0.000,0.000,0.714,4891,4034;
95553,0.184,0.854,-0.161,0.041,-0.833,0.050,0.000,0.000,0.714,4811,4106;
95583,0.053,0.906,-0.171,-0.055,-0.738,-0.160,0.000,0.000,0.714,4814,4241;
95603,-0.083,0.846,-0.108,-0.022,-0.538,-0.374,0.000,-0.091,-0.306,4942,4331;
95633,-0.011,0.850,-0.126,-0.041,-0.363,-0.401,0.000,-0.091,-0.306,4947,4363;
95653,0.034,0.869,-0.150,-0.126,-0.345,-0.317,-0.273,-0.091,0.204,4942,4346;
95683,0.019,0.861,-0.213,-0.210,-0.280,-0.255,-0.273,-0.091,0.204,4935,4323;
95713,0.053,0.872,-0.206,-0.149,-0.130,-0.242,-0.273,-0.091,0.204,4914,4315;
95743,0.079,0.872,-0.224,-0.140,-0.106,-0.232,0.182,0.091,-0.306,4909,4303;
95763,0.117,0.933,-0.262,-0.059,-0.119,-0.149,0.182,0.091,-0.306,4928,4341;
95793,0.181,0.895,-0.290,-0.021,-0.311,-0.012,0.182,0.091,-0.306,4953,4363;
95813,0.196,0.823,-0.283,-0.148,-0.540,0.007,0.000,0.091,-0.408,4979,4369;
95843,0.056,0.899,-0.290,-0.211,-0.612,-0.061,0.000,0.091,-0.408,4976,4414;
95863,0.143,1.151,-0.384,0.160,-0.501,0.033,0.091,-0.091,0.000,4962,4429;
95893,0.158,0.921,-0.210,-0.236,-0.913,0.135,0.091,-0.091,0.000,4938,4444;
95923,0.218,1.248,-0.639,0.358,-0.735,0.273,0.091,-0.091,0.000,4920,4459;
95953,0.181,1.109,-0.409,-0.406,-0.461,0.086,0.000,0.000,-1.020,4987,4444;
95973,-0.083,1.207,-0.129,-0.236,0.017,-0.067,0.000,0.000,-1.020,4995,4436;
96003,-0.365,0.970,-0.056,-0.426,0.019,-0.437,-0.091,0.000,-0.408,4935,4441;
96033,-0.196,1.455,0.182,-0.735,0.424,-0.863,-0.091,0.000,-0.408,4948,4508;
96053,-0.079,1.293,0.150,0.750,0.612,-0.539,-0.091,0.000,-0.408,4909,4575;
96083,0.358,1.053,0.143,0.834,-0.705,0.200,-0.091,0.000,0.204,4830,4614;
96113,0.026,0.876,-0.035,0.294,-0.416,0.333,-0.091,0.000,0.204,4789,4670;
96143,-0.177,1.030,-0.143,-0.121,0.215,0.331,0.091,0.091,-0.408,4817,4688;
96163,-0.083,0.955,-0.059,-0.198,0.414,0.261,0.091,0.091,-0.408,4842,4692;
96193,0.000,0.887,-0.070,0.007,0.603,0.244,0.091,0.091,-0.408,4873,4695;
96213,0.124,0.808,-0.052,-0.202,0.713,0.216,0.000,-0.091,-0.102,4901,4686;
96243,0.136,0.880,-0.087,-0.299,0.771,0.164,0.000,-0.091,-0.102,4942,4658;
96273,0.181,0.899,-0.108,-0.333,0.696,0.098,0.273,-0.091,-0.102,4985,4642;
96293,0.215,0.854,-0.143,-0.185,0.590,0.066,0.273,-0.091,-0.102,5029,4640;
96323,0.237,0.854,-0.178,-0.138,0.318,0.032,0.273,-0.091,-0.102,5036,4635;
96343,0.237,0.899,-0.199,-0.142,0.106,-0.010,-0.091,-0.091,-0.306,5065,4607;
96373,0.188,0.959,-0.272,-0.028,0.110,-0.015,-0.091,-0.091,-0.306,5061,4577;
96393,0.177,0.872,-0.203,-0.041,0.067,-0.098,-0.091,-0.091,-0.306,5051,4544;
96423,0.136,0.914,-0.164,-0.191,0.288,-0.229,0.091,0.091,-0.612,5027,4479;
96453,0.143,1.068,-0.203,-0.045,0.401,-0.209,0.091,0.091,-0.612,4960,4372;
96473,0.354,1.196,-0.276,0.206,0.382,-0.036,-0.091,-0.182,-0.102,4899,4289;
96503,0.433,1.079,-0.307,-0.055,-0.110,0.019,-0.091,-0.182,-0.102,4846,4189;
96533,0.230,1.124,-0.314,0.180,-0.126,-0.017,-0.091,-0.182,-0.102,4798,4052;
96563,0.320,1.124,-0.084,-0.152,0.074,0.032,0.182,0.364,-0.204,4763,4021;
96583,0.128,0.872,0.133,-0.209,0.119,0.091,0.182,0.364,-0.204,4769,3972;
96613,-0.199,0.996,0.454,-0.431,0.584,0.340,0.000,0.727,1.122,4804,3954;
96643,-0.087,1.448,0.318,-0.741,0.050,0.386,0.000,0.727,1.122,4771,3872;
96663,-0.369,1.448,-0.255,0.197,1.462,0.035,0.000,0.727,1.122,4772,3883;
96693,0.023,0.955,0.010,0.200,0.484,-0.132,0.091,0.000,-0.306,4799,3931;
96723,0.331,1.064,-0.220,0.493,0.440,-0.120,0.091,0.000,-0.306,4811,3991;
96753,0.354,0.902,-0.178,0.063,-0.605,0.051,0.000,-0.182,-0.510,4829,4071;
96773,0.158,0.910,-0.154,0.166,-0.745,-0.015,0.000,-0.182,-0.510,4949,4162;
96803,0.015,0.823,-0.091,0.346,-1.024,-0.144,0.000,-0.182,-0.510,5025,4227;
96823,0.019,0.756,-0.122,0.214,-0.744,-0.223,0.364,0.182,0.204,5069,4250;
96853,0.015,0.763,-0.108,-0.098,-0.816,-0.250,0.364,0.182,0.204,5044,4244;
96873,-0.060,0.793,-0.147,-0.222,-0.664,-0.211,0.364,0.182,0.204,4995,4221;
96903,-0.034,0.902,-0.150,0.010,-0.506,-0.138,-0.091,0.091,-1.224,5023,4188;
96933,0.068,0.951,-0.199,0.185,-0.454,-0.075,-0.091,0.091,-1.224,4975,4170;
96963,0.203,0.959,-0.300,0.492,-0.491,0.079,0.000,-0.364,-0.306,4926,4181;
96983,0.260,0.948,-0.395,0.708,-0.829,0.198,0.000,-0.364,-0.306,4907,4208;
97013,0.222,0.951,-0.388,0.499,-0.911,0.038,0.000,-0.364,-0.306,4897,4242;
97033,0.166,0.812,-0.129,0.154,-0.381,0.181,0.000,0.000,-0.408,4916,4222;
97063,0.203,0.756,-0.269,-0.764,-2.357,0.205,0.000,0.000,-0.408,4828,4310;
97083,0.169,1.474,-0.660,0.718,-0.342,0.267,0.273,0.091,-0.408,4889,4317;
97113,0.143,1.072,-0.182,-0.164,-0.732,0.056,0.273,0.091,-0.408,4881,4294;
97143,-0.124,1.162,0.014,0.039,-0.250,-0.086,0.273,0.091,-0.408,4878,4371;
97163,-0.591,1.173,0.458,-1.331,0.205,-0.977,0.091,-0.091,-2.143,4857,4350;
97193,-0.572,1.921,0.147,1.229,1.773,-0.545,0.091,-0.091,-2.143,4745,4411;
97213,0.263,0.963,0.318,1.084,-0.192,0.129,0.091,-0.091,-2.143,4650,4453;
97243,0.433,1.154,-0.045,0.749,0.024,0.270,0.182,-0.182,0.000,4630,4493;
97263,-0.203,0.839,0.024,-0.346,0.107,0.322,0.182,-0.182,0.000,4684,4508;
97293,-0.267,1.023,-0.045,-0.095,1.213,0.270,-0.182,0.000,0.306,4761,4511;
97323,-0.124,0.835,0.063,-0.102,1.224,0.262,-0.182,0.000,0.306,4851,4500;
97353,0.083,0.760,-0.024,0.010,1.274,0.342,-0.182,0.000,0.306,4971,4428;
97383,0.177,0.816,-0.098,-0.079,1.260,0.273,-0.182,0.000,0.306,5013,4353;
97403,0.207,0.865,-0.119,-0.087,1.202,0.106,-0.182,0.000,0.306,5044,4286;
97433,0.263,0.812,-0.143,-0.171,0.905,0.024,-0.273,0.091,0.000,5069,4237;
97453,0.282,0.820,-0.147,-0.194,0.540,0.019,-0.273,0.091,0.000,5064,4167;
97483,0.233,0.899,-0.255,0.075,0.317,0.004,-0.273,0.091,0.000,5054,4143;
97503,0.203,0.869,-0.255,0.121,0.198,-0.076,0.000,-0.091,-0.408,5052,4120;
97543,0.196,0.917,-0.262,0.058,0.101,-0.212,0.000,-0.091,-0.408,5026,4110;
97563,0.252,0.940,-0.269,-0.108,0.226,-0.193,-0.091,0.000,-0.408,5010,4118;
97593,0.245,1.023,-0.388,0.185,0.552,-0.130,-0.091,0.000,-0.408,4991,4117;
97613,0.248,1.023,-0.444,0.198,0.478,-0.045,-0.091,0.000,-0.408,4936,4074;
97643,0.534,1.038,-0.377,-0.186,-0.106,0.104,-0.091,0.182,0.102,4865,4016;
97663,0.534,1.154,-0.437,0.032,-0.192,0.146,-0.091,0.182,0.102,4775,3972;
97693,0.252,1.162,-0.164,-0.217,-0.051,0.134,-0.091,0.182,0.102,4741,3932;
97723,0.083,0.959,0.178,-0.231,0.056,0.198,0.091,0.000,-0.510,4742,3941;
97753,-0.218,0.910,0.353,-0.352,0.035,0.460,0.091,0.000,-0.510,4819,3869;
97773,-0.162,1.613,0.108,-0.187,-0.314,0.522,-0.273,0.091,-0.306,4764,3799;
97803,-0.230,1.414,-0.234,0.664,0.805,0.050,-0.273,0.091,-0.306,4789,3775;
97823,0.053,0.963,-0.049,0.113,-0.042,-0.223,-0.273,0.091,-0.306,4808,3805;
97853,0.373,1.064,-0.185,0.391,-0.272,-0.271,0.000,0.182,-0.510,4808,3876;
97873,0.335,0.899,-0.185,-0.076,-0.844,-0.228,0.000,0.182,-0.510,4780,3963;
97903,0.147,0.899,-0.164,-0.084,-0.913,-0.239,0.091,0.091,-0.204,4864,4059;
97933,-0.079,0.797,-0.108,0.041,-0.986,-0.344,0.091,0.091,-0.204,4904,4127;
97953,-0.026,0.707,-0.136,0.092,-0.628,-0.330,0.091,0.091,-0.204,4919,4148;
97983,0.026,0.669,-0.147,-0.283,-0.607,-0.280,-0.091,-0.182,-0.102,4906,4129;
98013,0.023,0.793,-0.168,-0.261,-0.529,-0.192,-0.091,-0.182,-0.102,4883,4120;
98033,0.030,0.880,-0.206,0.040,-0.242,-0.089,0.182,-0.091,-0.612,4888,4079;
98063,0.087,0.861,-0.258,0.212,-0.271,0.013,0.182,-0.091,-0.612,4878,4053;
98093,0.117,0.857,-0.224,0.104,-0.306,0.042,0.182,-0.091,-0.612,4857,3997;
98113,0.192,1.079,-0.426,0.431,-0.409,0.083,0.091,0.182,-0.510,4904,4086;
98143,0.132,1.064,-0.335,0.365,-0.639,0.032,0.091,0.182,-0.510,4905,4190;
98173,0.226,0.869,-0.290,-0.505,-0.710,0.042,-0.091,-0.091,-0.204,4959,4289;
98193,0.143,1.207,-0.412,-0.334,-0.556,0.064,-0.091,-0.091,-0.204,4952,4362;
98223,-0.045,1.286,-0.360,-0.188,-0.198,-0.027,-0.091,-0.091,-0.204,4955,4351;
98243,-0.151,1.508,-0.203,-0.138,0.448,-0.119,-0.091,-0.273,-0.408,4956,4355;
98273,-0.346,0.891,0.073,-0.259,0.329,-0.423,-0.091,-0.273,-0.408,4990,4425;
98293,-0.286,1.196,0.238,-0.878,0.988,-0.856,-0.091,-0.273,-0.408,4992,4486;
98323,-0.109,1.143,0.286,0.274,0.813,-0.418,-0.182,0.000,-0.408,4960,4470;
98353,0.158,1.166,0.101,0.593,0.291,0.103,-0.182,0.000,-0.408,4922,4520;
98373,0.128,0.959,0.101,0.195,0.107,0.194,0.000,-0.091,-0.714,4933,4558;
98403,-0.117,1.049,-0.031,-0.007,0.560,0.223,0.000,-0.091,-0.714,4947,4601;
98433,-0.064,0.963,-0.017,-0.034,0.703,0.228,0.000,-0.091,-0.714,4976,4619;
98463,0.060,0.839,-0.017,0.107,0.793,0.263,0.182,0.091,0.000,5012,4624;
98493,0.113,0.778,-0.042,-0.112,0.930,0.232,0.182,0.091,0.000,5028,4605;
98513,0.128,0.861,-0.091,-0.237,0.998,0.127,-0.091,0.182,-0.306,5073,4548;
98553,0.139,0.842,-0.122,-0.219,1.015,0.006,-0.091,0.182,-0.306,5104,4443;
98573,0.203,0.820,-0.129,-0.148,0.704,-0.087,-0.091,0.000,-0.306,5094,4383;
98603,0.222,0.865,-0.203,0.035,0.361,-0.084,0.000,0.000,-0.102,5076,4322;
98633,0.256,0.835,-0.262,0.155,0.284,-0.090,0.000,0.000,-0.102,5068,4278;
98653,0.245,0.887,-0.251,0.025,0.228,-0.091,-0.091,-0.182,-0.204,5069,4231;
98683,0.267,1.011,-0.272,0.311,0.137,-0.023,-0.091,-0.182,-0.204,5066,4183;
98703,0.290,0.948,-0.251,0.268,-0.034,-0.002,-0.091,-0.182,-0.204,5030,4139;
98733,0.384,1.068,-0.318,0.110,-0.121,0.057,0.091,0.182,-0.714,4979,4082;
98763,0.440,1.064,-0.356,-0.217,-0.438,0.086,0.091,0.182,-0.714,4927,4075;
98793,0.263,1.132,-0.325,-0.028,-0.408,0.106,0.000,0.091,-0.102,4868,4008;
98813,0.245,1.128,-0.084,-0.106,-0.384,0.212,0.000,0.091,-0.102,4815,3982;
98843,0.094,1.079,0.220,-0.438,0.092,0.350,0.000,0.091,-0.102,4813,3943;
98873,-0.098,1.320,0.388,-0.495,-0.942,0.585,-0.182,0.182,-0.204,4830,3853;
99053,-0.215,1.587,-0.129,0.265,0.091,0.412,-0.182,0.182,-0.204,4699,3801;
99054,-0.177,1.072,-0.024,0.321,0.017,0.032,0.000,-0.182,-0.102,4792,3876;
99055,0.124,1.117,-0.122,0.293,-0.075,-0.144,0.000,-0.182,-0.102,4751,3970;
99056,0.222,1.027,-0.136,0.090,-0.245,-0.164,0.000,-0.182,-0.102,4713,4028;
99057,0.184,0.974,-0.112,0.148,-0.501,-0.158,0.182,0.727,-0.510,4736,4182;
99058,0.056,0.797,-0.056,0.149,-0.711,-0.248,0.182,0.727,-0.510,4766,4280;
99132,0.045,0.748,-0.077,0.204,-0.790,-0.291,0.182,0.727,-0.510,4797,4311;
99133,0.083,0.760,-0.094,0.078,-0.779,-0.273,0.000,0.182,-0.102,4795,4318;
99134,0.075,0.816,-0.133,0.042,-0.733,-0.227,0.000,0.182,-0.102,4800,4305;
99135,0.026,0.827,-0.168,0.098,-0.658,-0.140,0.000,-0.091,-0.306,4797,4286;
99153,0.015,0.820,-0.185,0.154,-0.554,-0.056,0.000,-0.091,-0.306,4780,4260;
99173,0.008,0.808,-0.199,0.287,-0.321,-0.018,0.000,-0.091,-0.306,4791,4238;
99203,0.139,0.933,-0.276,0.429,-0.342,0.109,-0.091,-0.091,1.429,4766,4253;
99233,0.203,0.895,-0.353,0.458,-0.242,0.206,-0.091,-0.091,1.429,4776,4268;
99253,0.230,0.887,-0.311,0.055,-0.577,0.186,-0.091,-0.091,1.429,4853,4286;
99283,0.151,1.023,-0.325,-0.492,-1.104,0.047,0.182,0.364,-0.612,4881,4303;
99303,0.019,1.109,-0.391,-0.325,-0.459,-0.005,0.182,0.364,-0.612,4849,4321;
99333,-0.019,1.305,-0.503,-0.070,-0.246,0.002,-0.091,-0.091,-0.102,4839,4322;
99363,0.023,1.384,-0.297,-0.344,0.362,-0.204,-0.091,-0.091,-0.102,4788,4302;
99393,-0.154,1.192,-0.098,-0.327,0.019,-0.546,-0.091,-0.091,-0.102,4839,4358;
99413,-0.151,1.324,0.283,-0.635,0.501,-0.779,0.091,0.091,-0.408,4826,4435;
99443,-0.068,1.121,0.231,0.673,-0.102,-0.210,0.091,0.091,-0.408,4819,4513;
99463,0.230,1.151,0.042,1.030,-0.416,0.290,-0.091,0.000,0.102,4803,4541;
99493,0.079,0.891,0.052,0.231,-0.308,0.288,-0.091,0.000,0.102,4818,4545;
99513,-0.196,1.045,-0.077,-0.154,0.138,0.306,-0.091,0.000,0.102,4831,4489;
99543,-0.158,1.004,-0.024,-0.036,0.701,0.256,0.182,0.545,1.224,4899,4535;
99573,0.045,0.865,0.014,0.138,0.679,0.314,0.182,0.545,1.224,4976,4527;
99603,0.154,0.688,-0.021,-0.149,0.764,0.284,-0.091,0.818,-0.204,5070,4526;
99633,0.102,0.869,-0.108,-0.257,0.815,0.135,-0.091,0.818,-0.204,5123,4499;
99653,0.075,0.857,-0.122,-0.103,0.994,-0.012,-0.091,0.818,-0.204,5153,4453;
99683,0.211,0.805,-0.122,-0.067,0.662,-0.010,-0.091,0.000,-0.306,5165,4390;
99703,0.267,0.820,-0.196,0.021,0.342,-0.004,-0.091,0.000,-0.306,5165,4319;
99733,0.279,0.925,-0.217,-0.044,0.159,0.030,-0.091,0.000,-0.306,5159,4277;
99763,0.248,0.966,-0.325,0.141,0.073,0.011,-0.091,0.000,-0.306,5138,4232;
99783,0.166,0.857,-0.262,0.067,0.053,-0.181,-0.091,0.000,-0.306,5156,4216;
99813,0.105,0.981,-0.328,-0.129,0.263,-0.198,-0.091,-0.182,-0.408,5120,4166;
99843,0.252,1.105,-0.346,0.073,0.378,-0.027,-0.091,-0.182,-0.408,5069,4135;
99863,0.501,1.098,-0.269,-0.197,-0.270,0.181,-0.091,-0.182,-0.408,5021,4058;
99893,0.459,1.105,-0.328,0.132,-0.531,0.294,-0.091,0.091,-0.510,4853,4005;
99913,0.346,1.094,-0.272,-0.016,-0.130,0.312,-0.091,0.091,-0.510,4975,3894;
99943,0.169,1.060,-0.045,-0.169,0.313,0.283,-0.182,0.091,-0.102,4973,3861;
99973,-0.030,1.331,0.444,-0.523,0.622,0.347,-0.182,0.091,-0.102,4984,3778;
100003,-0.143,1.730,0.136,0.124,-0.165,0.347,-0.182,0.091,-0.102,4956,3774;
100023,-0.184,1.042,-0.021,0.486,0.609,0.033,-0.182,0.182,0.000,4925,3847;
100053,0.030,1.030,-0.087,0.273,0.640,-0.282,-0.182,0.182,0.000,4949,4013;
100073,0.294,0.989,-0.052,0.243,-0.083,-0.270,0.091,0.000,-0.204,4932,4151;
100103,0.196,1.019,-0.157,0.070,-0.183,-0.238,0.091,0.000,-0.204,4913,4221;
100123,0.060,0.955,-0.147,0.175,-0.442,-0.243,0.091,0.000,-0.204,4882,4257;
100153,0.000,0.846,-0.147,0.240,-0.410,-0.290,0.182,-0.182,-0.714,4941,4307;
100183,0.041,0.752,-0.105,-0.023,-0.525,-0.282,0.182,-0.182,-0.714,4950,4324;
100213,0.124,0.823,-0.140,-0.161,-0.616,-0.223,0.182,-0.182,-0.714,4943,4324;
100233,0.087,0.775,-0.175,-0.155,-0.607,-0.146,-0.364,0.000,-0.306,4814,4314;
100263,0.079,0.756,-0.154,-0.126,-0.686,-0.051,-0.364,0.000,-0.306,4844,4324;
100432,0.087,0.763,-0.171,-0.117,-0.684,0.029,-0.091,-0.182,0.000,4907,4300;
100434,0.124,0.951,-0.234,0.192,-0.589,0.126,-0.091,-0.182,0.000,4881,4275;
100436,0.105,0.936,-0.279,0.340,-0.494,0.175,-0.091,-0.182,0.000,4850,4232;
100437,0.120,0.959,-0.325,0.585,-0.656,0.214,0.273,0.000,-0.510,4847,4216;
100438,0.068,0.902,-0.269,0.073,-0.702,0.089,0.273,0.000,-0.510,4834,4245;
100439,0.166,0.921,-0.283,-0.550,-0.727,-0.001,0.273,-0.091,-0.306,4825,4271;
100440,0.090,1.384,-0.524,-0.018,-0.657,0.022,0.273,-0.091,-0.306,4775,4298;
100473,0.102,1.293,-0.321,-0.161,-0.108,-0.166,0.273,-0.091,-0.306,4728,4290;
100493,0.000,1.485,-0.241,0.127,0.138,-0.253,-0.182,-0.364,-0.102,4752,4308;
100523,-0.241,0.944,0.021,-0.299,0.119,-0.516,-0.182,-0.364,-0.102,4782,4380;
100543,-0.192,1.252,0.192,-0.525,0.532,-0.795,-0.182,-0.364,-0.102,4794,4482;
100573,-0.087,1.241,0.244,0.261,0.295,-0.491,0.182,0.000,-0.408,4783,4544;
100603,0.215,1.177,0.129,0.837,-0.420,0.174,0.182,0.000,-0.408,4773,4534;
100633,-0.072,0.884,0.059,0.155,0.170,0.237,-0.182,-0.091,-0.102,4809,4598;
100663,-0.169,1.008,-0.073,-0.045,0.393,0.316,-0.182,-0.091,-0.102,4868,4624;
100683,-0.053,0.929,0.000,-0.057,0.688,0.331,0.091,0.000,-0.408,4932,4611;
100713,0.049,0.823,-0.007,0.096,0.754,0.324,0.091,0.000,-0.408,4999,4599;
100733,0.136,0.737,-0.066,-0.058,0.881,0.257,0.091,0.000,-0.408,5059,4542;
100763,0.154,0.823,-0.129,-0.188,0.909,0.163,0.091,0.000,-0.612,5020,4458;
100793,0.154,0.861,-0.185,-0.069,1.015,0.087,0.091,0.000,-0.612,5117,4365;
100823,0.252,0.850,-0.189,0.022,0.776,0.080,-0.091,-0.455,-0.612,5139,4279;
100843,0.294,0.854,-0.238,-0.028,0.416,0.074,-0.091,-0.455,-0.612,4989,4210;
100873,0.192,0.891,-0.248,-0.101,0.273,-0.019,-0.091,-0.455,-0.612,5144,4151;
100893,0.124,0.902,-0.297,0.078,0.454,-0.157,0.000,-0.273,-0.204,5130,4111;
100923,0.169,0.839,-0.265,0.093,0.429,-0.181,0.000,-0.273,-0.204,5098,4074;
100943,0.279,0.940,-0.269,0.200,0.352,-0.113,0.000,-0.273,-0.204,5021,4036;
100973,0.290,1.049,-0.318,0.177,0.322,-0.085,0.000,0.273,-0.306,5006,3991;
101003,0.463,1.064,-0.332,-0.208,-0.056,-0.061,0.000,0.273,-0.306,4920,3928;
101023,0.388,1.301,-0.468,0.044,-0.134,0.032,0.000,0.182,0.000,4839,3850;
101053,0.248,1.316,-0.300,-0.030,0.063,0.051,0.000,0.182,0.000,4770,3793;
101083,0.233,1.060,0.091,-0.368,0.178,0.059,0.000,0.182,0.000,4760,3813;
101103,0.030,0.902,0.307,-0.423,-0.362,0.227,-0.091,0.091,-0.102,4839,3860;
101133,-0.102,1.011,0.220,-0.546,-0.055,0.316,-0.091,0.091,-0.102,4913,3872;
101153,-0.113,1.549,0.035,0.154,0.136,0.300,-0.091,0.091,-0.102,4904,3857;
101193,-0.230,1.282,-0.161,0.441,0.721,-0.072,-0.091,0.091,0.102,4884,3886;
101223,0.241,1.060,-0.045,0.244,-0.130,-0.186,-0.091,0.091,0.102,4893,3983;
101243,0.294,0.921,-0.133,0.034,-0.619,-0.170,0.182,-0.091,-0.204,4907,4058;
101273,0.113,0.895,-0.147,0.007,-0.759,-0.223,0.182,-0.091,-0.204,4923,4165;
101293,0.019,0.895,-0.161,0.254,-0.811,-0.259,-0.273,0.091,0.306,4937,4228;
101323,0.060,0.733,-0.105,0.100,-0.866,-0.229,-0.273,0.091,0.306,4946,4264;
101343,0.102,0.722,-0.140,-0.080,-0.794,-0.220,-0.273,0.091,0.306,4956,4266;
101373,0.068,0.711,-0.143,-0.370,-0.796,-0.282,0.000,0.000,-1.837,4985,4285;
101403,0.026,0.801,-0.171,-0.125,-0.749,-0.200,0.000,0.000,-1.837,4981,4243;
101433,0.079,0.714,-0.154,-0.016,-0.786,-0.035,-0.091,-0.364,-0.204,4969,4220;
101463,0.068,0.876,-0.251,0.175,-0.624,0.083,-0.091,-0.364,-0.204,4911,4183;
101483,0.045,0.955,-0.335,0.290,-0.325,0.086,-0.091,-0.364,-0.204,4914,4157;
101513,0.038,0.981,-0.370,0.228,-0.146,0.061,0.182,0.000,0.000,4918,4162;
101533,0.147,0.812,-0.220,-0.653,-0.701,0.061,0.182,0.000,0.000,4937,4182;
101563,0.248,1.433,-0.646,0.290,0.042,0.267,0.182,0.000,0.000,4909,4214;
101593,0.346,1.218,-0.314,-0.118,-0.703,0.047,0.091,-0.636,-1.531,4967,4235;
101623,-0.056,1.425,-0.063,0.051,-0.316,-0.097,0.091,-0.636,-1.531,4998,4325;
101643,-0.719,1.245,0.538,-1.271,-0.206,-0.929,-0.091,0.000,-0.204,4968,4394;
101673,-0.271,1.921,-0.178,1.963,1.541,-0.039,-0.091,0.000,-0.204,4902,4438;
101693,0.230,0.669,0.423,0.268,-1.597,0.108,-0.091,0.000,-0.204,4862,4483;
101723,-0.011,1.136,-0.091,0.559,0.703,0.143,0.000,-0.182,-0.204,4883,4499;
101743,-0.162,0.688,0.192,-0.804,0.256,0.211,0.000,-0.182,-0.204,4881,4490;
101773,-0.041,1.278,-0.035,-0.017,1.327,0.238,0.273,-0.091,-0.714,4948,4454;
101803,-0.053,0.808,0.063,0.073,1.322,0.193,0.273,-0.091,-0.714,5000,4423;
101833,0.124,0.696,0.010,-0.157,1.401,0.239,0.273,-0.091,-0.714,5069,4346;
101863,0.173,0.812,-0.052,-0.424,1.343,0.080,0.000,-0.182,0.612,5096,4245;
101883,0.162,0.925,-0.112,-0.119,1.183,0.050,0.000,-0.182,0.612,5126,4202;
101913,0.166,0.726,-0.119,-0.021,0.892,0.096,-0.182,-0.091,-0.816,5178,4174;
101933,0.207,0.752,-0.182,0.068,0.675,0.144,-0.182,-0.091,-0.816,5209,4145;
101963,0.184,0.831,-0.217,0.104,0.500,0.046,-0.182,-0.091,-0.816,5226,4078;
101983,0.139,0.906,-0.283,0.259,0.696,-0.056,-0.182,-0.182,-0.408,5216,4048;
102023,0.128,0.839,-0.276,0.348,0.641,-0.243,-0.182,-0.182,-0.408,5168,4014;
102043,0.346,0.951,-0.311,0.166,0.104,-0.181,-0.091,-0.182,-0.714,5095,3999;
102073,0.478,1.188,-0.496,0.459,0.216,-0.160,-0.091,-0.182,-0.714,5015,3993;
102093,0.538,1.011,-0.356,-0.521,-0.466,-0.154,-0.091,-0.182,-0.714,4937,4001;
102123,0.267,1.260,-0.398,-0.096,-0.508,0.097,0.273,0.000,-0.612,4877,3971;
102143,0.215,1.128,-0.056,-0.127,0.096,0.358,0.273,0.000,-0.612,4862,3993;
102173,-0.030,0.944,0.346,0.358,-0.487,0.540,0.273,0.000,-0.612,4924,4016;
102203,-0.030,1.350,0.433,-1.101,-0.283,0.447,0.000,0.091,-0.204,4930,3995;
102233,-0.275,1.921,-0.171,0.364,0.304,0.412,0.000,0.091,-0.204,4894,3998;
102253,-0.467,0.786,0.248,-0.506,0.271,-0.174,0.000,0.182,-1.020,4976,4131;
102283,-0.019,1.309,-0.161,0.489,0.542,-0.277,0.000,0.182,-1.020,4949,4242;
102313,0.437,0.955,-0.129,0.153,-0.186,-0.191,0.000,0.182,-1.020,5007,4264;
102343,0.154,0.797,-0.129,-0.068,-0.642,-0.165,-0.091,-0.091,-0.408,4998,4331;
102363,-0.019,0.711,-0.108,0.114,-0.750,-0.243,-0.091,-0.091,-0.408,5186,4433;
102393,0.087,0.699,-0.105,0.209,-0.733,-0.256,-0.091,0.091,0.102,5225,4466;
102423,0.151,0.714,-0.115,-0.005,-0.846,-0.093,-0.091,0.091,0.102,5228,4417;
102453,0.098,0.737,-0.164,0.262,-0.850,0.091,0.364,0.000,-0.204,5188,4361;
102473,0.064,0.692,-0.164,0.403,-0.897,0.144,0.364,0.000,-0.204,5142,4293;
102503,0.072,0.756,-0.220,0.474,-0.799,0.165,0.364,0.000,-0.204,5074,4261;
102523,0.173,0.891,-0.279,0.565,-0.624,0.202,-0.091,-0.091,-0.714,5017,4235;
102553,0.184,0.797,-0.192,-0.249,-1.203,0.004,-0.091,-0.091,-0.714,4981,4236;
102573,0.019,1.053,-0.335,-0.240,-0.397,-0.114,-0.091,-0.091,-0.714,4938,4216;
102603,0.041,1.350,-0.458,-0.110,-0.703,0.039,0.273,-0.182,0.306,4876,4234;
102633,0.030,1.290,-0.548,0.069,-0.095,0.131,0.273,-0.182,0.306,4835,4225;
102663,0.056,1.335,-0.234,-0.589,0.172,-0.194,0.000,-0.091,-0.204,4814,4245;
102683,-0.241,1.391,0.017,-0.266,-0.066,-0.518,0.000,-0.091,-0.204,4805,4307;
102713,-0.391,1.350,0.374,-0.821,0.705,-0.869,0.000,-0.091,-0.204,4841,4368;
102733,0.053,1.380,0.210,1.173,-0.011,-0.226,-0.091,0.091,-0.408,4829,4406;
102763,0.346,0.981,0.059,0.670,-0.260,0.101,-0.091,0.091,-0.408,4821,4459;
102783,0.169,1.008,0.007,0.032,-0.159,0.208,-0.091,0.091,-0.408,4815,4470;
102823,-0.132,1.072,0.000,-0.069,0.155,0.254,0.000,0.364,-0.714,4864,4472;
102843,-0.083,1.105,0.000,0.164,0.523,0.233,0.000,0.364,-0.714,4904,4456;
102873,0.075,0.827,-0.017,0.278,0.722,0.266,0.091,0.000,-0.510,4955,4431;
102903,0.132,0.684,-0.059,-0.100,0.896,0.263,0.091,0.000,-0.510,4996,4403;
102923,0.128,0.782,-0.031,-0.365,0.816,0.144,0.273,-0.182,-0.612,5026,4345;
102953,0.060,0.854,-0.084,-0.199,0.877,0.008,0.273,-0.182,-0.612,5054,4292;
102973,0.075,0.760,-0.063,-0.106,0.866,-0.081,0.273,-0.182,-0.612,5070,4225;
103003,0.158,0.801,-0.126,-0.051,0.662,0.001,0.273,0.091,0.102,5079,4123;
103033,0.241,0.831,-0.199,0.124,0.571,-0.022,0.273,0.091,0.102,5126,4123;
103053,0.102,0.726,-0.154,-0.492,0.279,-0.308,0.273,0.091,0.102,5223,4132;
103083,0.196,1.049,-0.314,0.217,1.121,-0.104,-0.182,0.091,-0.510,5181,4059;
103113,0.245,0.902,-0.241,0.891,0.940,0.147,-0.182,0.091,-0.510,5141,4043;
103133,0.173,0.812,-0.304,0.223,0.798,0.041,0.000,-0.091,0.000,5130,4077;
103153,0.407,0.966,-0.328,-0.283,0.520,-0.135,0.000,-0.091,0.000,5050,4010;
103183,0.644,1.252,-0.412,0.107,0.280,0.030,0.000,-0.091,0.000,4914,3989;
103213,0.632,1.128,-0.311,-0.062,-0.444,0.191,0.000,-0.364,-2.041,4903,4006;
103243,0.245,1.211,-0.129,-0.350,-0.308,0.239,0.000,-0.364,-2.041,4850,4004;
103273,-0.064,1.117,0.412,-0.839,-0.336,0.365,0.000,0.091,-0.408,4831,3962;
103293,-0.199,1.624,0.325,-0.634,-1.095,0.425,0.000,0.091,-0.408,4812,3935;
103323,-0.403,1.339,-0.038,0.356,0.611,0.107,0.000,0.091,-0.408,4824,3965;
103353,-0.060,1.068,0.014,0.025,-0.062,-0.231,-0.182,-0.091,0.204,4831,4070;
103373,0.346,1.293,-0.161,0.221,-0.416,-0.266,-0.182,-0.091,0.204,4820,4164;
103403,0.241,1.049,-0.126,0.063,-0.559,-0.195,-0.182,-0.091,0.204,4811,4227;
103433,0.011,0.895,-0.126,0.177,-0.739,-0.186,0.000,-0.091,-0.102,4832,4266;
103463,-0.023,0.744,-0.108,0.348,-0.778,-0.255,0.000,-0.091,-0.102,4843,4398;
103483,0.053,0.635,-0.101,0.308,-0.675,-0.272,0.000,0.182,1.020,4907,4410;
103513,0.173,0.729,-0.087,0.084,-0.822,-0.171,0.000,0.182,1.020,4917,4366;
103533,0.109,0.763,-0.136,0.076,-0.756,-0.169,0.091,0.000,-0.408,4895,4322;
103563,0.056,0.775,-0.143,0.110,-0.753,-0.115,0.091,0.000,-0.408,4853,4273;
103593,0.045,0.786,-0.192,0.228,-0.548,-0.029,0.091,0.000,-0.408,4818,4228;
103613,0.041,0.763,-0.213,0.049,-0.542,0.041,0.091,-0.182,-1.020,4786,4176;
103643,0.083,0.955,-0.248,0.215,-0.375,0.107,0.091,-0.182,-1.020,4770,4143;
103673,0.072,1.049,-0.335,0.174,-0.431,0.025,0.091,-0.182,-1.020,4799,4139;
103693,0.049,0.985,-0.210,-0.016,0.215,0.006,0.091,0.000,0.000,4827,4175;
103723,0.147,1.045,-0.370,-0.580,-1.032,0.021,0.091,0.000,0.000,4854,4235;
103753,0.294,1.403,-0.636,0.093,0.073,0.006,0.091,0.182,-0.102,4835,4280;
103773,0.181,1.372,-0.227,-0.719,0.025,-0.203,0.091,0.182,-0.102,4792,4265;
103803,-0.181,1.312,-0.059,-0.056,-0.306,-0.125,0.091,0.182,-0.102,4816,4273;
103833,-0.440,1.015,0.185,-0.806,0.453,-0.675,0.000,0.182,-0.102,4850,4376;
103863,-0.162,1.481,0.265,0.731,0.172,-0.363,0.000,0.182,-0.102,4852,4473;
103893,0.331,1.049,0.073,0.843,-0.334,0.160,0.182,0.000,-0.612,4869,4525;
103913,0.143,0.887,0.031,0.375,-0.448,0.240,0.182,0.000,-0.612,4875,4564;
103943,-0.064,0.948,-0.024,-0.030,0.006,0.291,0.182,0.000,-0.612,4928,4556;
103963,-0.105,1.011,-0.021,-0.147,0.481,0.229,-0.182,0.182,-0.714,4946,4524;
103993,0.008,0.974,0.010,0.185,0.497,0.268,-0.182,0.182,-0.714,4993,4509;
104013,0.072,0.744,-0.035,0.199,0.759,0.279,0.091,-0.091,-0.102,5042,4492;
104043,0.105,0.756,-0.063,-0.064,0.803,0.236,0.091,-0.091,-0.102,5092,4420;
104073,0.079,0.775,-0.105,-0.330,0.873,0.121,0.091,-0.091,-0.102,5132,4410;
104103,0.162,0.812,-0.136,-0.287,0.782,0.050,-0.182,-0.909,-0.510,5219,4360;
104133,0.199,0.801,-0.157,-0.194,0.557,-0.041,-0.182,-0.909,-0.510,5269,4298;
104153,0.188,0.914,-0.206,-0.118,0.404,-0.072,0.000,0.091,-0.102,5302,4214;
104183,0.233,1.000,-0.325,0.373,0.552,-0.036,0.000,0.091,-0.102,5301,4157;
104203,0.290,0.801,-0.224,0.492,0.443,-0.124,0.000,0.091,-0.102,5288,4137;
104233,0.143,0.816,-0.244,0.100,-0.018,-0.199,0.000,0.091,-0.306,5235,4091;
104263,0.241,1.128,-0.363,0.010,0.543,-0.096,0.000,0.091,-0.306,5075,4048;
104293,0.493,1.203,-0.349,-0.055,0.006,-0.034,0.273,0.091,-0.102,4989,3968;
104323,0.252,1.260,-0.377,0.079,0.182,-0.022,0.273,0.091,-0.102,4894,3873;
104343,0.226,1.230,-0.112,-0.263,0.107,0.110,0.273,0.091,-0.102,4816,3854;
104373,0.102,1.147,0.391,-0.385,0.211,0.340,0.182,0.273,-0.204,4811,3858;
104393,0.004,1.312,0.458,-0.594,-1.066,0.510,0.182,0.273,-0.204,4832,3875;
104423,-0.350,1.534,-0.122,0.310,0.353,0.359,0.091,0.091,0.204,4835,3890;
104463,-0.128,1.162,-0.070,0.464,0.198,-0.029,0.091,0.091,0.204,4838,4046;
104483,0.215,1.075,-0.080,0.476,-0.248,-0.166,0.091,0.091,0.204,4824,4153;
104513,0.199,0.880,-0.105,0.055,-0.585,-0.153,-0.091,-0.091,-0.408,4824,4225;
104533,0.102,0.857,-0.133,0.108,-0.701,-0.169,-0.091,-0.091,-0.408,4848,4314;
104563,-0.026,0.729,-0.091,0.154,-0.728,-0.223,0.000,0.000,-0.204,4892,4392;
104583,-0.026,0.696,-0.087,0.172,-0.588,-0.239,0.000,0.000,-0.204,4933,4418;
104613,0.075,0.733,-0.094,-0.042,-0.612,-0.197,0.000,0.000,-0.204,4943,4399;
104643,0.120,0.790,-0.098,-0.044,-0.838,-0.108,-0.364,0.182,-0.408,4911,4351;
104673,0.038,0.763,-0.196,0.068,-0.643,-0.092,-0.364,0.182,-0.408,4776,4292;
104693,0.026,0.763,-0.157,0.069,-0.596,0.015,0.000,-0.273,-0.204,4870,4268;
104723,0.124,0.741,-0.248,-0.146,-0.992,0.155,0.000,-0.273,-0.204,4883,4211;
104743,0.154,0.899,-0.346,0.068,-0.722,0.137,0.000,-0.273,-0.204,4847,4234;
104773,0.072,1.060,-0.346,0.261,-0.630,0.032,-0.364,-0.273,-0.612,4865,4249;
104803,0.294,0.985,-0.189,-0.123,-0.482,0.142,-0.364,-0.273,-0.612,4836,4259;
104823,0.173,1.184,-0.370,-0.254,-1.107,0.143,-0.364,-0.273,-0.612,4795,4257;
104853,0.041,1.305,-0.580,0.171,-0.355,0.193,0.364,0.273,0.102,4763,4244;
104883,-0.075,1.252,-0.213,-0.516,0.566,-0.166,0.364,0.273,0.102,4788,4311;
104913,-0.120,1.098,0.101,-0.322,-0.164,-0.267,0.182,0.000,-0.510,4868,4406;
104933,-0.316,1.177,0.395,-0.969,0.499,-0.770,0.182,0.000,-0.510,4888,4493;
104963,-0.124,1.745,0.206,0.755,0.838,-0.376,0.182,0.000,-0.510,4846,4543;
104983,0.136,0.970,0.154,1.032,-0.132,0.091,-0.182,-0.091,0.000,4819,4541;
105013,0.154,1.023,-0.028,0.512,-0.027,0.233,-0.182,-0.091,0.000,4831,4574;
105043,-0.090,0.778,0.059,-0.469,0.339,0.216,0.091,0.091,-0.204,4871,4579;
105063,-0.038,1.098,-0.014,-0.268,0.607,0.199,0.091,0.091,-0.204,4909,4563;
105093,-0.030,0.906,-0.021,0.098,0.694,0.211,0.091,0.091,-0.204,4951,4530;
105123,0.008,0.718,-0.108,0.021,0.990,0.223,0.000,0.182,-0.204,4974,4461;
105143,0.113,0.831,-0.136,-0.174,1.075,0.123,0.000,0.182,-0.204,4950,4336;
105173,0.158,0.812,-0.147,-0.083,1.132,0.029,0.091,0.091,-0.714,4983,4234;
105203,0.211,0.790,-0.178,-0.117,0.998,-0.028,0.091,0.091,-0.714,4987,4185;
105223,0.215,0.763,-0.175,-0.132,0.703,-0.017,0.091,0.091,-0.714,4986,4126;
105253,0.192,0.869,-0.231,-0.028,0.453,0.074,-0.091,0.091,-0.306,4915,4053;
105283,0.218,0.884,-0.325,0.331,0.733,0.081,-0.091,0.091,-0.306,4966,4020;
105303,0.275,0.726,-0.238,-0.038,0.293,-0.086,0.000,0.091,0.102,4960,4005;
105333,0.316,1.060,-0.377,-0.147,0.381,-0.083,0.000,0.091,0.102,4922,3986;
105363,0.380,1.060,-0.293,-0.245,0.305,-0.129,0.000,0.091,0.102,4869,3999;
105383,0.350,1.166,-0.224,-0.274,-0.732,-0.055,0.091,0.091,-0.510,4837,3973;
105413,0.263,1.301,-0.363,0.108,0.057,0.047,0.091,0.091,-0.510,4785,3876;
105433,0.158,1.192,-0.244,-0.327,0.591,0.160,0.091,0.091,-0.510,4747,3780;
105473,0.132,1.241,0.618,-1.168,0.387,0.365,-0.182,0.091,-0.612,4751,3647;
105493,-0.109,1.579,0.251,-0.227,-0.106,0.257,-0.182,0.091,-0.612,4790,3662;
105523,-0.109,1.263,-0.010,0.386,-0.293,0.084,0.182,0.182,-1.020,4830,3794;
105553,-0.072,1.121,-0.091,0.533,0.296,-0.301,0.182,0.182,-1.020,4840,3987;
105573,0.279,1.166,-0.112,0.299,-0.294,-0.223,0.091,-0.273,-0.510,4795,4078;
105603,0.267,1.075,-0.084,-0.078,-0.642,-0.185,0.091,-0.273,-0.510,4781,4149;
105623,-0.109,0.887,-0.063,0.072,-0.540,-0.274,0.091,-0.273,-0.510,4800,4218;
105653,-0.120,0.808,-0.052,0.305,-0.563,-0.312,0.000,0.091,-0.102,4838,4266;
105683,0.072,0.714,-0.059,0.172,-0.549,-0.301,0.000,0.091,-0.102,4867,4299;
105713,0.166,0.756,-0.112,0.039,-0.736,-0.118,0.091,-0.727,-2.041,4889,4290;
105743,0.166,0.696,-0.136,0.006,-0.777,-0.051,0.091,-0.727,-2.041,4902,4305;
105763,0.109,0.756,-0.143,0.113,-0.750,-0.074,0.091,-0.727,-2.041,4913,4284;
105793,0.098,0.816,-0.192,0.379,-0.713,-0.044,-0.091,0.091,-0.102,4889,4248;
105813,0.132,0.895,-0.255,0.597,-0.845,0.146,-0.091,0.091,-0.102,4810,4137;
105843,0.162,0.910,-0.346,0.867,-0.994,0.363,-0.091,0.091,-0.102,4836,4186;
105873,0.139,0.846,-0.300,-0.170,-1.043,0.276,0.182,0.000,-0.204,4811,4187;
105903,0.004,1.188,-0.290,-0.204,-0.940,0.080,0.182,0.000,-0.204,4780,4177;
105933,-0.030,1.290,-0.566,0.482,-0.159,0.044,0.091,-0.091,-0.102,4782,4213;
105953,-0.060,1.211,-0.136,-0.308,0.240,-0.293,0.091,-0.091,-0.102,4786,4250;
105983,-0.064,1.297,0.133,-0.435,0.410,-0.540,0.091,-0.091,-0.102,4804,4348;
106003,-0.188,1.530,0.458,-0.554,-0.319,-1.095,0.182,-0.091,-0.510,4775,4420;
106033,0.218,1.805,0.098,2.000,-0.090,-0.142,0.182,-0.091,-0.510,4737,4486;
106063,0.196,0.820,0.066,0.807,-0.582,0.170,-0.182,0.000,-0.102,4716,4553;
106093,0.015,1.045,-0.007,0.285,-0.314,0.373,-0.182,0.000,-0.102,4764,4621;
106113,-0.113,1.113,0.017,-0.183,0.382,0.273,-0.182,0.000,-0.102,4820,4613;
106143,-0.109,0.989,0.049,-0.039,0.668,0.193,-0.182,0.000,0.306,4874,4533;
106173,-0.098,0.793,0.045,0.078,1.078,0.149,-0.182,0.000,0.306,4907,4565;
106193,0.034,0.673,-0.017,-0.029,1.191,0.181,0.000,-0.091,-0.408,4990,4530;
106223,0.060,0.729,-0.035,-0.260,1.387,0.109,0.000,-0.091,-0.408,5016,4460;
106243,0.132,0.880,-0.056,-0.166,1.379,0.057,0.000,-0.091,-0.408,5038,4383;
106273,0.226,0.850,-0.150,0.067,1.208,0.055,0.000,0.000,-0.408,4994,4306;
106303,0.260,0.842,-0.206,0.314,0.883,0.053,0.000,0.000,-0.408,5015,4235;
106323,0.271,0.812,-0.241,0.102,0.410,-0.049,-0.091,0.091,-0.408,5019,4192;
106353,0.215,0.933,-0.318,0.029,0.654,-0.169,-0.091,0.091,-0.408,5008,4140;
106373,0.196,0.914,-0.286,0.072,0.676,-0.272,-0.091,0.091,-0.408,4956,4099;
106403,0.124,0.887,-0.276,0.001,0.608,-0.379,0.091,0.364,-0.918,4964,4044;
106423,0.245,1.004,-0.300,-0.129,0.404,-0.199,0.091,0.364,-0.918,4895,3910;
106453,0.470,1.181,-0.485,0.171,0.623,-0.022,0.091,0.364,-0.918,4816,3797;
106483,0.512,0.955,-0.325,-0.103,-0.217,0.004,-0.091,0.091,-0.306,4709,3717;
106513,0.486,1.079,-0.227,-0.291,-0.410,0.260,-0.091,0.091,-0.306,4736,3687;
106533,0.068,1.090,0.234,-0.186,-0.516,0.497,0.000,0.091,-0.204,4835,3705;
106563,-0.245,1.128,0.398,-0.725,-0.336,0.612,0.000,0.091,-0.204,4939,3688;
106593,-0.290,1.801,0.098,-0.455,-0.642,0.582,0.000,0.091,-0.204,4937,3635;
106613,-0.395,1.421,-0.143,0.514,0.546,0.125,0.091,0.182,-0.714,4910,3622;
106643,-0.090,1.057,-0.070,0.272,0.226,-0.191,0.091,0.182,-0.714,4901,3670;
106663,0.199,1.196,-0.161,0.474,0.149,-0.221,0.000,0.091,-0.102,4872,3771;
106703,0.343,0.978,-0.108,-0.090,-0.620,-0.147,0.000,0.091,-0.102,4881,3899;
106723,0.090,0.914,-0.133,0.144,-0.637,-0.204,0.000,0.091,-0.102,4914,4010;
106753,-0.053,0.793,-0.143,0.328,-0.550,-0.266,0.000,0.000,-0.408,4952,4104;
106773,0.060,0.696,-0.108,0.102,-0.600,-0.214,0.000,0.000,-0.408,4979,4128;
106803,0.098,0.737,-0.129,-0.144,-0.594,-0.137,0.000,0.000,-0.612,4989,4141;
106823,0.068,0.835,-0.178,-0.002,-0.508,-0.069,0.000,0.000,-0.612,4987,4114;
106853,0.064,0.831,-0.171,0.066,-0.321,0.006,0.000,0.000,-0.612,4969,4083;
106873,0.105,0.748,-0.164,-0.061,-0.565,0.051,-0.091,0.091,-0.102,4957,4055;
106913,0.109,0.914,-0.255,-0.180,-0.512,0.086,-0.091,0.091,-0.102,4939,4085;
106933,0.124,1.000,-0.300,0.368,-0.495,0.096,-0.273,0.182,-0.204,4942,4145;
106963,0.083,0.884,-0.279,0.072,-0.582,-0.019,-0.273,0.182,-0.204,4953,4229;
106993,0.128,0.929,-0.258,-0.421,-0.626,-0.007,-0.273,0.182,-0.204,4923,4293;
107013,0.049,1.245,-0.367,-0.330,-0.730,0.011,0.000,-0.273,0.000,4923,4322;
107043,-0.023,1.357,-0.506,0.249,-0.164,0.017,0.000,-0.273,0.000,4899,4346;
107063,0.049,1.181,-0.297,-0.293,0.165,-0.194,0.000,-0.273,0.000,4897,4347;
107093,-0.064,1.222,-0.161,0.001,0.174,-0.344,0.364,0.091,-0.102,4867,4386;
107123,-0.248,1.293,0.255,-0.792,0.690,-0.834,0.364,0.091,-0.102,4892,4451;
107153,-0.109,1.387,0.234,0.561,0.375,-0.670,-0.182,-0.091,0.102,4893,4537;
107173,0.094,0.948,0.203,0.919,-0.106,-0.061,-0.182,-0.091,0.102,4860,4592;
107203,0.124,1.004,0.049,0.855,-0.419,0.244,-0.182,-0.091,0.102,4844,4686;
107223,-0.109,0.955,-0.003,0.192,-0.148,0.272,0.091,0.000,-0.306,4849,4726;
107253,-0.158,1.068,-0.077,-0.039,0.257,0.299,0.091,0.000,-0.306,4875,4724;
107273,-0.060,0.985,0.014,-0.083,0.410,0.296,0.000,-0.273,0.204,4917,4729;
107303,0.041,0.797,-0.024,-0.147,0.402,0.311,0.000,-0.273,0.204,4968,4742;
107333,0.079,0.816,-0.080,-0.311,0.491,0.237,0.000,-0.273,0.204,4984,4715;
107363,0.064,0.895,-0.115,-0.236,0.787,0.149,-0.091,0.818,1.327,5101,4642;
107383,0.132,0.854,-0.126,-0.180,0.914,0.084,-0.091,0.818,1.327,5131,4529;
107413,0.169,0.831,-0.136,-0.135,0.747,0.059,0.091,0.364,-0.204,5162,4461;
107443,0.233,0.917,-0.203,0.084,0.515,0.034,0.091,0.364,-0.204,5158,4390;
107463,0.233,0.917,-0.258,0.180,0.372,0.021,0.091,0.364,-0.204,5165,4329;
107503,0.203,0.869,-0.258,0.138,0.177,0.033,-0.182,-0.182,-0.408,5160,4246;
107523,0.237,0.884,-0.255,0.321,0.494,0.091,-0.182,-0.182,-0.408,5114,4183;
107553,0.230,0.936,-0.241,0.073,0.267,0.030,-0.091,0.000,-0.306,5061,4093;
107573,0.376,1.057,-0.370,0.069,0.338,0.089,-0.091,0.000,-0.306,4988,4021;
107603,0.538,1.132,-0.346,-0.072,-0.067,0.166,-0.091,0.000,-0.306,4882,3970;
107623,0.346,1.181,-0.402,0.234,-0.138,0.165,0.273,0.182,-0.714,4865,3915;
107653,0.305,1.188,-0.293,0.039,-0.098,0.193,0.273,0.182,-0.714,4821,3863;
107673,0.109,0.959,0.024,-0.261,0.186,0.136,0.273,0.182,-0.714,4824,3842;
107713,0.026,0.933,0.293,-0.584,0.313,0.447,-0.182,-0.182,0.306,4873,3753;
107733,-0.263,1.658,0.042,-0.423,-0.424,0.409,-0.182,-0.182,0.306,4900,3728;
107763,-0.196,1.688,-0.318,1.039,1.192,0.046,0.182,-0.091,-0.918,4846,3730;
107783,0.098,0.978,-0.021,0.285,0.076,-0.197,0.182,-0.091,-0.918,4829,3793;
107813,0.376,1.064,-0.168,0.628,-0.070,-0.272,0.182,-0.091,-0.918,4775,3954;
107843,0.282,0.857,-0.171,0.096,-0.399,-0.316,0.000,-1.000,-1.429,4812,4074;
107863,0.132,0.861,-0.161,0.107,-0.863,-0.316,0.000,-1.000,-1.429,4813,4172;
107893,0.030,0.786,-0.157,0.144,-0.767,-0.387,-0.091,-0.182,-0.612,4824,4293;
107923,0.011,0.669,-0.108,0.025,-0.783,-0.369,-0.091,-0.182,-0.612,4824,4398;
107953,0.026,0.760,-0.175,-0.214,-0.647,-0.291,-0.091,-0.182,-0.612,4841,4380;
107973,-0.019,0.820,-0.238,-0.192,-0.461,-0.199,0.000,-0.182,-0.102,4828,4339;
108003,0.019,0.775,-0.203,-0.155,-0.263,-0.085,0.000,-0.182,-0.102,4822,4272;
108023,0.060,0.823,-0.234,-0.092,-0.206,-0.025,0.091,0.273,-0.612,4813,4265;
108053,0.120,0.948,-0.241,-0.051,-0.248,0.053,0.091,0.273,-0.612,4802,4256;
108073,0.222,1.045,-0.335,0.178,-0.363,0.126,0.091,0.273,-0.612,4789,4277;
108103,0.090,1.015,-0.342,0.114,-0.497,-0.049,0.000,0.000,0.306,4749,4271;
108133,0.068,1.057,-0.360,0.257,-0.063,-0.108,0.000,0.000,0.306,4738,4344;
108153,0.079,0.966,-0.328,0.120,-0.756,-0.143,0.091,0.182,-0.306,4712,4391;
108193,0.068,1.237,-0.650,0.657,-0.317,0.047,0.091,0.182,-0.306,4698,4416;
108213,0.248,0.989,-0.478,-0.414,-0.143,0.023,0.091,0.182,-0.306,4691,4408;
108243,-0.015,1.309,-0.052,-0.410,0.051,-0.045,0.000,1.000,0.918,4762,4425;
108263,-0.286,0.869,0.115,-0.142,-0.444,-0.203,0.000,1.000,0.918,4855,4513;
108293,-0.331,1.094,0.402,-0.934,0.393,-0.697,0.000,1.000,0.918,4863,4512;
108323,0.090,1.560,0.056,1.394,0.690,-0.180,0.091,0.182,-0.102,4750,4498;
108343,0.373,0.902,0.070,0.658,-0.631,0.200,0.091,0.182,-0.102,4725,4504;
108373,0.068,0.906,-0.028,0.023,-0.299,0.219,0.091,-0.091,-0.306,4725,4505;
108393,-0.151,1.072,-0.073,-0.399,0.211,0.228,0.091,-0.091,-0.306,4744,4498;
108423,-0.151,1.042,-0.091,-0.206,0.680,0.225,0.091,-0.091,-0.306,4749,4476;
108453,0.019,0.850,-0.070,-0.092,0.656,0.274,0.000,0.000,0.000,4868,4464;
108473,0.128,0.752,-0.101,-0.200,0.800,0.260,0.000,0.000,0.000,4936,4441;
108503,0.143,0.831,-0.122,-0.403,0.896,0.109,0.182,-0.091,-0.204,4972,4379;
108533,0.109,0.891,-0.150,-0.346,0.974,-0.076,0.182,-0.091,-0.204,5025,4269;
108563,0.177,0.850,-0.154,-0.270,0.761,-0.093,0.182,-0.091,-0.204,5036,4212;
108593,0.199,0.902,-0.206,-0.172,0.619,-0.119,-0.091,-0.273,-0.306,5036,4169;
108613,0.222,0.944,-0.279,-0.100,0.453,-0.144,-0.091,-0.273,-0.306,5044,4130;
108643,0.218,0.963,-0.311,0.114,0.620,-0.193,0.182,-0.818,-1.633,5047,4124;
108663,0.282,0.974,-0.276,0.327,0.809,-0.137,0.182,-0.818,-1.633,5018,4096;
108693,0.215,0.978,-0.234,0.396,0.481,-0.161,0.182,-0.818,-1.633,4972,4078;
108723,0.263,0.996,-0.409,0.406,0.425,-0.170,-0.364,-0.182,-0.204,4897,4079;
108743,0.504,0.936,-0.353,-0.194,0.108,-0.051,-0.364,-0.182,-0.204,4815,4078;
108773,0.373,1.124,-0.290,-0.169,-0.220,0.124,0.000,0.000,0.102,4771,4042;
108793,0.260,1.237,-0.140,0.073,-0.193,0.226,0.000,0.000,0.102,4720,4034;
108823,-0.015,1.139,0.286,-0.106,0.368,0.380,0.000,0.000,0.102,4735,3995;
108853,0.015,1.395,0.412,-0.897,-1.802,0.552,0.091,-0.091,0.000,4716,3956;
108873,-0.320,1.628,-0.332,0.820,0.803,0.324,0.091,-0.091,0.000,4752,3950;
108903,-0.117,1.094,-0.031,0.132,-0.452,0.127,0.091,-0.091,0.000,4820,4022;
108933,0.124,1.260,-0.196,0.605,-0.098,-0.005,-0.091,-0.182,-0.408,4836,4129;
108953,0.196,0.940,-0.129,0.030,-0.261,-0.084,-0.091,-0.182,-0.408,4846,4280;
108983,0.124,0.842,-0.042,-0.040,-0.877,-0.124,-0.182,-0.091,-0.510,4879,4376;
109003,-0.026,0.801,-0.021,0.098,-0.815,-0.214,-0.182,-0.091,-0.510,4930,4454;
109033,-0.038,0.726,-0.049,0.180,-0.817,-0.231,-0.182,-0.091,-0.510,4950,4500;
109063,-0.011,0.684,-0.080,-0.052,-0.656,-0.220,-0.091,0.000,-0.306,4962,4498;
109083,0.026,0.786,-0.154,-0.059,-0.599,-0.136,-0.091,0.000,-0.306,4945,4468;
109113,0.026,0.782,-0.157,-0.056,-0.469,-0.073,0.091,-0.091,-0.306,4911,4414;
109143,0.030,0.880,-0.203,0.074,-0.294,0.016,0.091,-0.091,-0.306,4832,4347;
109173,0.034,0.906,-0.265,0.367,-0.316,0.143,0.091,-0.091,-0.306,4866,4305;
109193,0.109,0.899,-0.349,0.426,-0.367,0.220,-0.091,0.273,-0.204,4873,4298;
109223,0.184,0.850,-0.325,0.097,-0.608,0.140,-0.091,0.273,-0.204,4912,4331;
109243,0.128,0.959,-0.297,-0.329,-0.407,0.006,0.000,-0.273,-0.204,4889,4361;
109273,0.151,1.166,-0.346,-0.216,-0.542,0.090,0.000,-0.273,-0.204,4913,4379;
109293,0.068,1.271,-0.601,0.169,-0.300,0.100,0.000,-0.273,-0.204,4914,4412;
109323,0.136,1.177,-0.388,-0.311,0.027,-0.114,0.000,-0.091,-0.306,4912,4385;
109353,-0.034,1.372,-0.185,0.091,0.018,-0.178,0.000,-0.091,-0.306,4903,4400;
109373,-0.245,0.925,0.077,-0.593,0.134,-0.461,0.000,-0.091,-0.306,4982,4475;
109403,-0.192,1.282,0.231,-0.531,0.351,-0.578,-0.091,0.091,0.204,4964,4563;
109433,-0.128,1.151,0.255,0.650,0.106,-0.242,-0.091,0.091,0.204,4943,4625;
109453,0.117,1.068,0.010,0.934,-0.151,0.118,-0.182,0.091,-0.204,4928,4635;
109483,0.019,0.869,-0.010,0.057,-0.095,0.237,-0.182,0.091,-0.204,4943,4607;
109513,-0.102,0.974,-0.136,-0.189,0.579,0.194,-0.182,0.091,-0.204,4956,4568;
109543,-0.004,0.981,-0.031,-0.120,0.635,0.183,-0.091,0.000,-0.306,4976,4523;
109573,0.132,0.790,-0.028,-0.044,0.679,0.227,-0.091,0.000,-0.306,5039,4525;
109593,0.173,0.823,-0.105,-0.243,0.583,0.203,0.000,-0.091,-0.510,5087,4486;
109623,0.117,0.861,-0.147,-0.261,0.769,0.059,0.000,-0.091,-0.510,5116,4449;
109643,0.154,0.857,-0.164,-0.278,0.788,-0.057,0.000,-0.091,-0.510,5127,4394;
109673,0.233,0.854,-0.154,-0.202,0.517,-0.042,0.273,-0.273,-0.306,5119,4363;
109693,0.256,0.929,-0.234,0.005,0.379,0.035,0.273,-0.273,-0.306,5108,4310;
109723,0.199,0.876,-0.279,0.121,0.101,0.029,-0.091,0.000,0.408,5104,4277;
109753,0.184,0.861,-0.307,0.136,0.146,-0.012,-0.091,0.000,0.408,5067,4237;
109783,0.252,0.902,-0.238,-0.073,0.324,-0.027,-0.091,0.000,0.408,5014,4153;
109813,0.271,1.109,-0.262,-0.200,0.124,-0.004,-0.091,0.000,0.408,4944,4084;
109833,0.440,1.207,-0.265,-0.210,-0.392,0.192,-0.091,0.000,0.408,4888,4042;
109863,0.346,1.192,-0.402,0.420,-0.076,0.135,0.000,0.000,-0.102,4852,3994;
109893,0.207,1.053,-0.283,0.084,-0.097,0.010,0.000,0.000,-0.102,4828,3968;
109913,0.139,1.008,-0.084,-0.257,0.248,-0.050,0.000,0.000,-0.102,4733,3991;
109953,-0.026,0.865,0.272,-0.384,0.057,0.314,0.000,-0.182,1.020,4923,3883;
109973,-0.030,1.504,0.346,-0.449,-0.708,0.569,0.000,-0.182,1.020,4905,3791;
110003,-0.297,1.478,-0.265,0.444,0.714,0.066,-0.091,0.909,-0.408,4778,3792;
110033,-0.026,0.963,-0.045,0.185,0.124,-0.229,-0.091,0.909,-0.408,4908,3841;
110053,0.230,1.196,-0.196,0.580,0.113,-0.307,-0.091,0.909,-0.408,4884,3939;
110083,0.309,0.902,-0.136,-0.039,-0.324,-0.279,0.000,0.000,0.000,4758,4002;
110113,0.113,0.944,-0.143,-0.055,-0.503,-0.294,0.000,0.000,0.000,4898,4101;
110133,0.004,0.857,-0.077,0.110,-0.533,-0.352,0.091,-0.091,-0.510,4921,4186;
110163,-0.011,0.722,-0.077,0.018,-0.573,-0.340,0.091,-0.091,-0.510,4928,4242;
110183,0.030,0.737,-0.164,-0.149,-0.560,-0.253,0.091,-0.091,-0.510,4933,4243;
110213,0.060,0.775,-0.185,-0.068,-0.489,-0.132,-0.091,0.000,0.102,4956,4248;
110233,0.068,0.726,-0.119,-0.125,-0.520,-0.019,-0.091,0.000,0.102,4941,4231;
110263,0.083,0.778,-0.161,-0.019,-0.484,0.067,0.000,0.000,-0.102,4879,4192;
110293,0.120,0.921,-0.238,0.257,-0.697,0.180,0.000,0.000,-0.102,4873,4148;
110313,0.162,1.019,-0.384,0.748,-0.607,0.259,0.000,0.000,-0.102,4830,4118;
110343,0.196,0.933,-0.290,0.172,-0.864,0.200,0.000,-0.091,0.000,4804,4124;
110373,0.245,0.887,-0.210,-0.718,-1.380,0.029,0.000,-0.091,0.000,4777,4224;
110393,-0.098,1.632,-0.625,0.482,-0.140,-0.032,0.000,-0.091,0.000,4760,4294;
110423,-0.139,1.233,-0.265,-0.158,0.049,-0.229,0.091,0.273,-0.510,4733,4327;
110443,-0.120,1.267,-0.059,-0.282,0.231,-0.386,0.091,0.273,-0.510,4730,4402;
110473,-0.203,1.105,0.370,-0.833,-0.018,-0.657,0.000,0.091,-0.204,4701,4531;
110493,-0.038,1.380,0.147,0.670,0.066,-0.271,0.000,0.091,-0.204,4739,4571;
110523,0.049,1.068,0.080,0.789,-0.033,-0.030,0.000,0.091,-0.204,4728,4574;
110553,0.094,1.105,-0.017,0.509,0.018,0.197,0.273,0.000,-0.204,4717,4550;
110583,-0.090,1.027,0.000,-0.144,0.270,0.257,0.273,0.000,-0.204,4755,4545;
110603,-0.079,1.090,0.000,-0.008,0.631,0.239,0.182,0.091,-0.102,4840,4604;
110633,0.008,0.884,-0.010,0.245,0.690,0.295,0.182,0.091,-0.102,4938,4638;
110653,0.072,0.729,-0.045,0.053,0.637,0.327,0.182,0.091,-0.102,5029,4652;
110683,0.162,0.823,-0.108,-0.209,0.642,0.229,0.091,-0.091,-0.510,5092,4652;
110713,0.109,0.839,-0.126,-0.198,0.811,0.074,0.091,-0.091,-0.510,5137,4642;
110733,0.113,0.771,-0.091,-0.189,0.711,-0.050,0.091,-0.091,-0.510,5160,4594;
110763,0.132,0.823,-0.133,-0.115,0.510,-0.107,0.182,0.273,0.000,5146,4513;
110793,0.177,0.925,-0.196,0.090,0.290,-0.044,0.182,0.273,0.000,5128,4447;
110823,0.154,0.839,-0.255,0.058,0.295,-0.137,0.091,0.182,-0.204,5131,4418;
110843,0.124,0.929,-0.272,-0.046,0.492,-0.169,0.091,0.182,-0.204,5121,4376;
110873,0.162,0.996,-0.251,-0.042,0.552,-0.124,0.091,0.182,-0.204,5105,4331;
110893,0.245,1.064,-0.332,0.118,0.441,-0.044,-0.091,0.000,-0.408,5073,4338;
110923,0.550,1.019,-0.391,-0.089,-0.015,0.176,-0.091,0.000,-0.408,5036,4330;
110953,0.553,1.060,-0.325,-0.329,-0.290,0.389,0.000,-0.091,-0.102,5020,4293;
110973,0.263,1.207,-0.210,-0.168,-0.151,0.450,0.000,-0.091,-0.102,5039,4140;
111003,0.008,1.192,0.234,-0.560,0.656,0.438,0.000,-0.091,-0.102,5068,4027;
111033,-0.211,1.305,0.412,-0.821,-1.370,0.515,0.182,0.000,-0.204,5130,3989;
111053,-0.576,1.395,-0.168,0.443,1.105,0.225,0.182,0.000,-0.204,5182,3995;
111083,-0.004,1.203,0.031,0.557,0.527,0.021,-0.182,0.091,-0.408,5194,4035;
111103,0.203,1.128,-0.066,0.503,0.648,-0.255,-0.182,0.091,-0.408,5175,4129;
111133,0.256,1.049,-0.080,0.318,0.081,-0.287,-0.182,0.091,-0.408,5155,4249;
111163,0.113,0.981,-0.049,0.239,-0.284,-0.289,0.182,-0.273,-0.510,5137,4363;
111183,-0.060,0.808,-0.108,0.244,-0.176,-0.381,0.182,-0.273,-0.510,5104,4453;
111213,-0.026,0.756,-0.098,0.154,-0.134,-0.419,0.182,-0.273,-0.510,5149,4505;
111233,0.030,0.729,-0.094,0.081,-0.072,-0.391,0.000,0.000,-0.408,5145,4514;
111263,0.083,0.756,-0.150,-0.047,-0.195,-0.374,0.000,0.000,-0.408,5128,4547;
111293,0.053,0.778,-0.185,-0.010,-0.017,-0.335,0.091,0.091,-0.204,5090,4544;
111313,0.060,0.797,-0.189,-0.129,-0.030,-0.206,0.091,0.091,-0.204,5128,4534;
111343,0.072,0.861,-0.157,-0.035,-0.169,-0.017,0.091,0.091,-0.204,5130,4540;
111373,0.087,0.974,-0.258,0.232,-0.149,0.089,-0.091,-0.364,-0.714,5149,4568;
111403,0.105,0.944,-0.304,0.223,-0.161,0.170,-0.091,-0.364,-0.714,5219,4665;
111423,0.233,0.944,-0.318,-0.024,-0.423,0.183,-0.091,-0.182,0.000,5253,4727;
111453,0.252,1.068,-0.300,-0.446,-0.726,0.044,-0.091,-0.182,0.000,5226,4732;
111473,0.060,1.335,-0.482,0.061,-0.415,0.041,-0.091,-0.182,0.000,5201,4743;
111503,0.008,1.263,-0.349,-0.384,-0.181,-0.123,-0.182,0.000,0.102,5180,4690;
111523,-0.041,1.474,-0.241,-0.032,0.265,-0.165,-0.182,0.000,0.102,5184,4654;
111553,-0.199,0.959,0.003,-0.280,0.176,-0.295,-0.182,0.000,0.102,5244,4687;
111583,-0.196,1.132,0.220,-0.658,0.335,-0.670,-0.182,0.000,-0.510,5270,4735;
111603,-0.072,1.184,0.265,0.476,0.124,-0.329,-0.182,0.000,-0.510,5263,4785;
111633,0.177,1.042,0.119,0.894,-0.363,0.170,0.091,0.091,-0.204,5256,4807;
111663,0.019,0.966,0.035,0.363,-0.410,0.306,0.091,0.091,-0.204,5267,4821;
111683,-0.079,1.015,-0.035,0.169,-0.180,0.373,0.091,0.091,-0.204,5280,4840;
111713,-0.064,1.000,-0.049,0.100,0.274,0.340,-0.091,0.182,0.000,5287,4857;
111733,0.000,0.921,0.007,0.181,0.256,0.327,-0.091,0.182,0.000,5303,4884;
111773,0.087,0.771,-0.024,0.047,0.319,0.285,-0.091,0.000,-0.306,5323,4890;
111793,0.105,0.861,-0.119,-0.243,0.464,0.182,-0.091,0.000,-0.306,5327,4856;
111823,0.090,0.880,-0.119,-0.221,0.703,0.061,-0.091,0.000,-0.306,5343,4794;
111853,0.120,0.861,-0.119,-0.149,0.697,-0.004,-0.091,0.091,-1.020,5339,4719;
111873,0.139,0.869,-0.147,-0.091,0.569,-0.029,-0.091,0.091,-1.020,5323,4642;
111903,0.218,0.933,-0.227,0.110,0.330,-0.096,0.273,0.364,0.000,5271,4591;
111923,0.286,0.899,-0.339,0.260,0.251,-0.110,0.273,0.364,0.000,5283,4552;
111953,0.350,0.895,-0.356,0.367,0.306,0.006,0.273,0.364,0.000,5253,4501;
111983,0.248,0.925,-0.224,0.080,0.005,-0.024,-0.091,-0.091,0.306,5164,4453;
112003,0.252,1.019,-0.318,0.004,-0.074,0.015,-0.091,-0.091,0.306,5082,4386;
112033,0.429,1.132,-0.314,0.103,-0.149,0.130,0.000,0.091,-0.612,5033,4336;
112063,0.380,1.184,-0.349,0.307,-0.273,0.194,0.000,0.091,-0.612,5015,4251;
112083,0.271,1.030,-0.105,-0.270,-0.064,0.217,0.000,0.091,-0.612,4902,4224;
112113,0.026,1.034,0.269,-0.493,0.155,0.372,-0.182,0.091,-0.612,5014,4194;
112143,-0.230,1.064,0.485,-0.980,-0.259,0.463,-0.182,0.091,-0.612,5088,4164;
112173,-0.275,1.827,-0.154,-0.041,0.154,0.325,0.000,-0.091,-0.306,5065,4158;
112193,-0.011,1.045,0.003,0.370,0.310,-0.023,0.000,-0.091,-0.306,5086,4214;
112223,0.290,1.282,-0.154,0.509,0.056,-0.215,0.000,-0.091,-0.306,5080,4298;
112253,0.271,0.936,-0.112,0.209,-0.416,-0.295,0.000,-0.182,-0.408,5080,4385;
112273,0.203,0.895,-0.129,0.015,-0.871,-0.284,0.000,-0.182,-0.408,5084,4463;
112303,-0.034,0.812,-0.133,-0.016,-0.732,-0.369,0.000,0.000,-0.918,5017,4465;
112323,0.004,0.823,-0.073,0.172,-0.647,-0.364,0.000,0.000,-0.918,5098,4578;
112353,0.045,0.703,-0.098,0.000,-0.557,-0.321,0.000,0.000,-0.918,5116,4574;
112383,0.008,0.744,-0.168,-0.093,-0.543,-0.246,0.000,0.364,-1.429,5096,4552;
112403,0.011,0.786,-0.189,-0.089,-0.437,-0.100,0.000,0.364,-1.429,5100,4507;
112433,0.045,0.842,-0.192,0.058,-0.392,0.032,0.000,0.364,-1.429,5084,4512;
112453,0.090,0.895,-0.217,0.098,-0.410,0.097,-0.364,0.091,-0.714,5085,4515;
112483,0.060,0.966,-0.251,0.305,-0.370,0.146,-0.364,0.091,-0.714,5124,4541;
112503,0.083,1.034,-0.374,0.256,-0.555,0.079,0.091,0.091,-0.408,5169,4603;
112533,0.053,1.105,-0.423,0.075,-0.140,-0.085,0.091,0.091,-0.408,5196,4748;
112563,0.136,1.121,-0.381,-0.251,-0.362,-0.112,0.091,0.091,-0.408,5210,4807;
112583,0.117,1.263,-0.566,0.356,-0.539,0.092,0.091,0.091,-0.714,5238,4828;
112613,0.158,1.075,-0.297,-0.500,0.075,0.023,0.091,0.091,-0.714,5277,4776;
112643,-0.056,1.301,-0.129,-0.151,-0.021,-0.067,0.091,0.091,-0.714,5355,4752;
112663,-0.290,0.876,0.063,-0.443,0.291,-0.424,0.000,-0.091,-0.408,5480,4863;
112693,-0.136,1.267,0.328,-0.457,0.165,-0.765,0.000,-0.091,-0.408,5492,4858;
112713,0.030,1.309,0.157,0.919,0.195,-0.270,0.091,-0.182,0.204,5460,4810;
112743,0.282,1.030,0.084,0.776,-0.790,0.254,0.091,-0.182,0.204,5405,4817;
112763,0.045,1.034,0.021,0.338,-0.493,0.406,0.091,-0.182,0.204,5384,4819;
112803,-0.128,1.038,-0.003,0.046,-0.112,0.382,0.000,0.000,-0.510,5391,4839;
112823,-0.064,0.891,-0.024,0.032,0.324,0.361,0.000,0.000,-0.510,5355,4871;
112853,0.030,0.790,-0.031,-0.046,0.467,0.314,0.091,-0.182,-0.408,5409,4898;
112873,0.132,0.722,-0.056,-0.296,0.625,0.203,0.091,-0.182,-0.408,5439,4869;
112903,0.083,0.801,-0.077,-0.450,0.718,0.068,0.091,-0.182,-0.408,5439,4837;
112933,0.079,0.869,-0.101,-0.259,0.823,-0.046,0.091,0.091,-0.204,5379,4763;
112953,0.211,0.842,-0.115,-0.075,0.728,-0.051,0.091,0.091,-0.204,5383,4679;
112983,0.267,0.936,-0.213,-0.078,0.314,0.052,-0.091,0.091,-0.714,5326,4563;
113013,0.271,0.978,-0.304,0.136,0.112,0.011,-0.091,0.091,-0.714,5315,4534;
113033,0.166,0.797,-0.279,-0.045,-0.089,-0.087,-0.091,0.091,-0.714,5290,4519;
113063,0.222,0.959,-0.307,-0.098,0.052,-0.010,-0.091,0.182,-0.510,5269,4483;
113093,0.158,0.974,-0.258,-0.055,0.297,-0.086,-0.091,0.182,-0.510,5229,4463;
113113,0.226,1.094,-0.300,0.100,0.482,-0.153,-0.091,0.182,-0.510,5173,4414;
113143,0.455,1.196,-0.363,0.244,-0.153,0.052,-0.091,0.182,-0.510,5086,4328;
113163,0.459,1.181,-0.461,0.406,-0.210,0.152,-0.091,0.182,-0.510,5038,4249;
113193,0.316,1.094,-0.150,-0.357,-0.075,0.113,0.000,0.000,-0.204,4992,4179;
113223,0.056,0.985,0.269,-0.467,-0.070,0.202,0.000,0.000,-0.204,5028,4137;
113243,-0.151,1.049,0.485,-0.599,0.074,0.486,0.000,0.000,-0.204,5082,4081;
113273,-0.230,1.711,-0.077,-0.144,-0.085,0.518,-0.091,-0.091,-0.510,5058,4028;
113293,-0.226,1.463,-0.213,0.849,0.866,0.182,-0.091,-0.091,-0.510,5055,4034;
113323,0.068,0.963,-0.049,0.277,0.333,-0.147,-0.091,0.091,-0.816,5071,4121;
113353,0.331,1.064,-0.098,0.378,-0.177,-0.236,-0.091,0.091,-0.816,5064,4194;
113373,0.271,0.974,-0.143,0.052,-0.404,-0.229,-0.091,0.091,-0.816,5050,4247;
113413,0.087,0.891,-0.112,0.006,-0.635,-0.253,0.091,0.182,-0.306,5070,4354;
113433,0.023,0.842,-0.084,0.202,-0.827,-0.330,0.091,0.182,-0.306,5125,4432;
113463,0.019,0.658,-0.091,-0.074,-0.752,-0.319,0.091,0.727,0.000,5167,4509;
113483,0.049,0.763,-0.129,-0.251,-0.844,-0.214,0.091,0.727,0.000,5197,4517;
113513,-0.004,0.733,-0.140,-0.355,-0.748,-0.115,0.091,0.727,0.000,5237,4518;
113543,-0.015,0.797,-0.171,-0.255,-0.579,-0.039,-0.091,-0.091,0.000,5264,4517;
113563,0.019,0.857,-0.210,-0.021,-0.432,0.063,-0.091,-0.091,0.000,5282,4503;
113593,0.136,0.948,-0.342,0.376,-0.412,0.181,-0.091,-0.091,0.000,5316,4493;
113623,0.241,0.921,-0.398,0.180,-0.542,0.024,-0.091,0.091,-0.102,5375,4534;
113653,0.072,1.027,-0.154,-0.344,-0.305,0.030,-0.091,0.091,-0.102,5376,4539;
113673,0.015,1.196,-0.545,0.024,-0.619,0.083,-0.273,0.000,0.204,5340,4562;
113703,0.124,1.455,-0.517,0.229,0.273,-0.066,-0.273,0.000,0.204,5341,4569;
113723,0.064,1.278,-0.150,-0.421,0.064,-0.240,-0.182,0.091,-0.408,5344,4590;
113753,0.004,1.226,0.175,-0.743,0.227,-0.516,-0.182,0.091,-0.408,5328,4638;
113783,-0.075,1.474,0.203,0.024,-0.426,-0.535,-0.182,0.091,-0.408,5299,4694;
113813,-0.008,0.951,0.175,0.821,-0.663,-0.061,0.091,0.636,1.122,5274,4779;
113833,0.075,1.057,-0.010,0.792,-0.430,0.240,0.091,0.636,1.122,5241,4857;
113863,-0.019,0.872,0.119,0.016,-0.340,0.314,0.091,0.636,1.122,5208,4861;
113883,-0.094,1.109,-0.021,-0.168,0.186,0.259,0.000,0.000,-0.510,5182,4828;
113913,-0.053,1.053,0.014,0.155,0.578,0.193,0.000,0.000,-0.510,5169,4821;
113933,0.053,0.801,-0.021,0.211,0.642,0.255,-0.091,-0.091,-0.204,5197,4861;
113963,0.158,0.726,-0.052,-0.203,0.483,0.257,-0.091,-0.091,-0.204,5228,4882;
113993,0.105,0.854,-0.098,-0.361,0.599,0.121,-0.091,-0.091,-0.204,5244,4851;
114023,0.045,0.846,-0.073,-0.336,0.602,-0.023,-0.091,-0.091,-0.306,5253,4788;
114043,0.064,0.831,-0.059,-0.058,0.573,-0.086,-0.091,-0.091,-0.306,5247,4694;
114073,0.079,0.902,-0.129,0.195,0.438,-0.040,0.091,0.091,-0.306,5210,4608;
114093,0.136,0.902,-0.227,0.323,0.335,-0.062,0.091,0.091,-0.306,5176,4540;
114123,0.162,0.823,-0.276,0.272,0.323,-0.147,0.091,0.091,-0.306,5157,4488;
114143,0.230,0.910,-0.272,0.115,0.574,-0.110,-0.091,0.000,-0.204,5100,4381;
114173,0.162,1.128,-0.269,0.041,0.338,-0.132,-0.091,0.000,-0.204,5029,4303;
114203,0.252,1.166,-0.388,0.203,0.573,-0.033,-0.091,0.000,-0.204,4955,4203;
114233,0.561,1.162,-0.381,0.329,-0.259,0.272,0.000,-0.091,0.102,4801,4093;
114253,0.448,1.072,-0.265,0.039,-0.215,0.346,0.000,-0.091,0.102,4875,4102;
114283,0.053,1.042,0.098,-0.317,0.253,0.406,0.091,0.000,-0.306,4935,4063;
114313,-0.327,1.136,0.353,-0.811,-0.089,0.492,0.091,0.000,-0.306,4986,4018;
114333,-0.440,1.466,0.056,-0.227,0.432,0.285,0.091,0.000,-0.306,5003,4000;
114363,-0.098,1.256,-0.056,0.642,1.078,0.041,-0.182,0.182,0.000,4983,4027;
114383,0.117,1.038,-0.028,0.142,0.533,-0.159,-0.182,0.182,0.000,5018,4098;
114413,0.282,1.064,-0.140,0.410,0.089,-0.268,0.091,0.000,-0.510,5006,4201;
114443,0.192,0.910,-0.154,0.093,-0.285,-0.291,0.091,0.000,-0.510,4998,4292;
114473,0.079,0.778,-0.105,0.011,-0.483,-0.299,0.091,0.000,-0.510,5022,4357;
114493,0.041,0.760,-0.108,-0.056,-0.584,-0.316,0.000,0.000,-0.102,5078,4411;
114523,0.015,0.722,-0.126,-0.124,-0.493,-0.306,0.000,0.000,-0.102,5125,4424;
114543,0.079,0.763,-0.157,-0.191,-0.526,-0.250,-0.182,-0.182,-0.306,5139,4407;
114573,0.056,0.741,-0.203,-0.322,-0.633,-0.153,-0.182,-0.182,-0.306,5155,4382;
114603,0.034,0.793,-0.203,-0.442,-0.327,-0.097,-0.182,-0.182,-0.306,5144,4356;
114633,0.087,0.940,-0.217,-0.254,-0.427,0.007,0.182,0.000,-0.612,5152,4337;
114653,0.147,1.027,-0.269,0.250,-0.231,0.125,0.182,0.000,-0.612,5187,4348;
114683,0.192,0.959,-0.283,0.211,-0.398,0.182,0.182,0.000,0.204,5226,4400;
114703,0.139,1.064,-0.279,0.019,-0.469,0.052,0.182,0.000,0.204,5271,4486;
114733,0.192,1.049,-0.251,-0.176,-0.722,0.069,0.182,0.000,0.204,5291,4530;
114753,0.064,1.301,-0.496,0.096,-0.294,-0.011,-0.091,-0.182,-0.510,5264,4545;
114783,-0.023,1.286,-0.161,-0.233,-0.001,-0.248,-0.091,-0.182,-0.510,5219,4540;
114813,-0.199,1.324,-0.136,-0.136,0.255,-0.487,-0.091,-0.182,-0.510,5205,4525;
114843,-0.184,1.399,0.175,-0.276,0.532,-0.733,-0.182,0.000,-0.204,5182,4576;
114873,0.004,1.094,0.189,0.793,0.012,-0.261,-0.182,0.000,-0.204,5169,4628;
114893,0.233,1.132,0.073,0.593,-0.579,0.217,0.000,0.091,-0.204,5184,4669;
114923,0.068,1.075,0.038,0.397,-0.174,0.338,0.000,0.091,-0.204,5209,4689;
114943,-0.169,1.019,-0.010,-0.025,0.064,0.283,0.000,0.091,-0.204,5233,4705;
114973,-0.132,1.030,-0.052,-0.059,0.540,0.245,-0.091,-0.364,-0.306,5244,4725;
114993,0.049,0.940,0.014,0.090,0.482,0.291,-0.091,-0.364,-0.306,5261,4749;
115033,0.117,0.741,0.014,-0.011,0.501,0.285,0.000,-0.091,-0.306,5298,4755;
115053,0.079,0.823,-0.049,-0.212,0.458,0.126,0.000,-0.091,-0.306,5321,4726;
115083,0.056,0.842,-0.077,-0.157,0.578,0.041,0.000,-0.091,-0.306,5297,4683;
115103,0.075,0.808,-0.080,-0.064,0.577,-0.010,0.182,0.182,-0.408,5297,4628;
115133,0.154,0.902,-0.133,0.126,0.398,0.022,0.182,0.182,-0.408,5265,4555;
115153,0.196,0.917,-0.203,0.317,0.244,-0.044,-0.091,0.364,-0.510,5217,4504;
115183,0.226,0.895,-0.290,0.372,0.140,-0.125,-0.091,0.364,-0.510,5131,4453;
115213,0.215,0.899,-0.332,0.221,0.129,-0.132,-0.091,0.364,-0.510,5100,4370;
115243,0.154,0.959,-0.192,0.013,0.256,-0.172,-0.273,-0.273,-0.510,5037,4255;
115263,0.256,1.128,-0.272,-0.019,0.263,-0.204,-0.273,-0.273,-0.510,4992,4126;
115293,0.422,1.113,-0.381,0.006,0.163,-0.028,-0.273,0.727,0.612,4933,4042;
115313,0.433,1.158,-0.349,0.129,-0.027,0.234,0.000,0.727,0.612,4860,3971;
115343,0.297,1.083,-0.056,-0.149,-0.064,0.375,0.000,0.727,0.612,4854,3935;
115363,-0.158,0.951,0.217,-0.164,0.064,0.477,0.091,0.000,-0.204,4908,3911;
115393,-0.324,0.996,0.395,-0.685,-0.104,0.574,0.091,0.000,-0.204,4976,3855;
115423,-0.267,1.779,-0.094,0.170,0.427,0.387,0.091,0.000,-0.204,4954,3762;
115453,-0.094,1.030,-0.035,0.474,0.454,0.023,0.091,0.091,-0.408,4947,3773;
115473,0.260,1.203,-0.196,0.532,0.265,-0.138,0.091,0.091,-0.408,4939,3838;
115503,0.305,0.996,-0.143,0.311,-0.197,-0.202,-0.091,-0.091,0.918,4943,3978;
115523,0.162,0.933,-0.143,0.075,-0.367,-0.203,-0.091,-0.091,0.918,4962,4090;
115553,0.011,0.835,-0.122,0.005,-0.461,-0.270,-0.091,-0.091,0.918,5000,4204;
115573,-0.019,0.763,-0.101,0.135,-0.374,-0.271,0.091,0.000,-0.102,5055,4290;
115603,0.026,0.677,-0.077,-0.155,-0.378,-0.243,0.091,0.000,-0.102,5099,4368;
115633,0.049,0.756,-0.171,-0.253,-0.392,-0.188,0.091,0.000,-0.102,5129,4385;
115663,0.011,0.775,-0.192,-0.220,-0.289,-0.076,-0.182,0.000,0.000,5146,4332;
115683,0.045,0.782,-0.192,-0.174,-0.447,0.061,-0.182,0.000,0.000,5158,4334;
115713,0.072,0.839,-0.234,-0.197,-0.442,0.114,0.000,0.000,-0.306,5175,4385;
115733,0.105,0.985,-0.332,0.028,-0.313,0.144,0.000,0.000,-0.306,5193,4412;
115763,0.132,1.057,-0.318,0.155,-0.382,0.090,0.000,0.000,-0.306,5213,4453;
115783,0.113,1.038,-0.297,0.256,-0.482,0.056,-0.182,0.000,0.204,5268,4491;
115813,0.203,0.917,-0.293,-0.283,-0.824,0.109,-0.182,0.000,0.204,5265,4542;
115843,0.102,1.365,-0.534,0.266,-0.499,0.056,0.091,0.091,-0.510,5234,4569;
115873,0.041,1.184,-0.346,-0.327,-0.114,-0.131,0.091,0.091,-0.510,5245,4564;
115893,-0.158,1.297,-0.185,-0.199,0.182,-0.318,0.091,0.091,-0.510,5154,4594;
115923,-0.309,1.199,0.381,-0.947,0.749,-0.772,-0.091,-0.455,-1.531,5212,4617;
115943,-0.241,1.436,0.262,0.170,0.361,-0.664,-0.091,-0.455,-1.531,5200,4652;
115973,0.056,1.030,0.182,0.890,0.217,-0.119,-0.091,0.091,-0.408,5179,4704;
115993,0.233,1.230,0.042,1.153,-0.045,0.266,-0.091,0.091,-0.408,5144,4735;
116033,-0.038,0.921,0.042,0.305,0.217,0.312,-0.091,0.091,-0.408,5191,4739;
116053,-0.105,1.030,-0.052,-0.033,0.748,0.215,-0.091,-0.273,-0.408,5216,4779;
116083,0.008,1.030,0.017,0.095,0.841,0.223,-0.091,-0.273,-0.408,5230,4794;
116103,0.056,0.891,0.014,0.265,0.801,0.284,0.000,-0.091,-0.510,5232,4787;
116133,0.098,0.839,-0.038,0.070,0.813,0.255,0.000,-0.091,-0.510,5260,4746;
116163,0.109,0.899,-0.112,0.023,0.952,0.161,0.000,-0.091,-0.510,5271,4685;
116183,0.154,0.869,-0.119,-0.042,0.905,0.067,0.000,0.000,-0.204,5277,4627;
116213,0.177,0.801,-0.108,-0.051,0.665,-0.004,0.000,0.000,-0.204,5269,4577;
116243,0.177,0.835,-0.119,-0.159,0.441,-0.079,0.000,0.000,-0.204,5257,4524;
116263,0.151,0.955,-0.210,0.015,0.484,-0.127,0.000,-0.182,0.102,5213,4484;
116293,0.151,0.869,-0.231,0.141,0.563,-0.197,0.000,-0.182,0.102,5220,4451;
116313,0.184,0.902,-0.224,0.277,0.442,-0.226,0.000,0.000,-0.306,5181,4385;
116343,0.271,0.966,-0.272,0.381,0.572,-0.161,0.000,0.000,-0.306,5129,4300;
116363,0.260,0.944,-0.224,0.312,0.589,-0.194,0.000,0.000,-0.306,5069,4251;
116393,0.233,0.906,-0.217,0.045,0.477,-0.210,0.091,0.000,-0.408,5024,4217;
116423,0.410,0.996,-0.231,-0.068,0.220,0.051,0.091,0.000,-0.408,4992,4175;
116453,0.305,1.083,-0.231,0.299,0.225,0.367,-0.091,0.000,0.000,4974,4106;
116483,0.098,1.075,-0.038,0.143,0.209,0.364,-0.091,0.000,0.000,4965,4072;
116503,-0.132,1.158,0.108,0.046,0.246,0.510,-0.091,0.000,0.000,4958,3966;
116533,-0.158,1.406,0.087,-0.084,0.089,0.617,-0.091,0.091,-0.306,4913,3877;
116553,-0.023,1.715,-0.140,0.718,0.204,0.385,-0.091,0.091,-0.306,4891,3832;
116583,-0.072,1.128,-0.080,0.643,0.288,0.055,0.091,0.091,-0.102,4915,3863;
116613,0.079,1.181,-0.150,0.760,-0.023,-0.032,0.091,0.091,-0.102,4921,3905;
116633,0.147,0.906,-0.161,0.270,-0.225,-0.015,0.091,0.091,-0.102,4914,3956;
116663,0.139,0.921,-0.150,0.019,-0.314,0.035,-0.091,-0.636,-2.041,4900,3983;
116683,0.060,0.978,-0.143,0.244,-0.518,0.047,-0.091,-0.636,-2.041,4941,4063;
116713,0.008,0.831,-0.115,0.300,-0.606,-0.035,-0.091,-0.636,-2.041,4947,4129;
116743,-0.038,0.805,-0.094,0.154,-0.313,-0.148,0.273,-0.091,-0.306,4977,4159;
116763,0.041,1.030,-0.206,0.368,-0.450,0.017,0.273,-0.091,-0.306,4970,4159;
116793,0.056,0.880,-0.178,0.217,-0.409,0.126,0.091,-0.182,-0.408,4978,4166;
116813,0.011,0.854,-0.199,-0.011,-0.410,0.117,0.091,-0.182,-0.408,4981,4181;
116853,0.041,1.008,-0.220,0.090,-0.391,0.159,0.091,-0.182,-0.408,5021,4219;
116873,0.068,0.948,-0.203,0.228,-0.193,0.231,-0.091,0.000,-0.510,5067,4248;
116903,0.030,0.880,-0.217,-0.104,-0.229,0.210,-0.091,0.000,-0.510,5129,4299;
116923,0.045,0.944,-0.217,-0.188,-0.454,0.175,0.091,-0.182,0.102,5175,4337;
116953,0.049,0.996,-0.150,-0.233,-0.351,0.000,0.091,-0.182,0.102,5203,4369;
116973,0.124,1.139,-0.175,-0.198,-0.033,-0.175,0.091,-0.182,0.102,5236,4392;
117003,0.090,1.068,-0.105,-0.294,-0.300,-0.248,0.000,0.273,-0.306,5255,4434;
117033,-0.053,1.008,-0.150,-0.165,-0.067,-0.266,0.000,0.273,-0.306,5239,4488;
117063,0.008,1.027,-0.154,-0.248,0.095,-0.202,0.000,-0.091,-0.408,5265,4536;
117083,0.117,0.861,-0.077,-0.450,-0.021,-0.211,0.000,-0.091,-0.408,5312,4573;
117113,0.158,0.944,-0.091,-0.313,-0.225,-0.204,0.000,-0.091,-0.408,5355,4595;
117143,0.132,0.985,-0.105,-0.215,-0.306,-0.158,-0.091,0.000,0.204,5369,4591;
117163,0.072,1.008,-0.112,-0.175,-0.144,-0.154,-0.091,0.000,0.204,5344,4584;
117193,0.008,1.109,-0.133,-0.175,-0.075,-0.204,-0.091,0.000,0.204,5293,4558;
117213,0.079,1.045,-0.199,0.000,0.063,-0.125,0.000,-0.182,-0.306,5246,4526;
117243,0.169,0.985,-0.210,-0.018,-0.107,-0.006,0.000,-0.182,-0.306,5199,4524;
117273,0.173,0.981,-0.196,-0.126,-0.283,0.041,0.000,0.091,-0.204,5165,4514;
117303,0.117,0.963,-0.164,-0.206,-0.290,0.005,0.000,0.091,-0.204,5208,4534;
117323,0.102,0.989,-0.189,-0.152,-0.222,0.002,0.000,0.091,-0.204,5199,4531;
117353,0.090,1.008,-0.175,-0.075,-0.166,0.006,0.091,0.091,-0.204,5175,4525;
117373,0.068,1.004,-0.150,-0.093,-0.140,0.001,0.091,0.091,-0.204,5140,4520;
117403,0.079,1.008,-0.154,-0.123,-0.197,0.013,-0.182,0.091,0.510,5111,4512;
117433,0.098,1.023,-0.164,-0.063,-0.189,0.032,-0.182,0.091,0.510,5085,4498;
117463,0.102,0.996,-0.154,-0.036,-0.231,0.053,-0.091,-0.182,-0.510,5085,4499;
117493,0.087,0.981,-0.154,-0.062,-0.223,0.038,-0.091,-0.182,-0.510,5081,4490;
117513,0.087,0.996,-0.150,-0.084,-0.193,0.029,-0.091,-0.182,-0.510,5075,4477;
117543,0.090,1.000,-0.150,-0.046,-0.189,0.030,-0.182,-0.091,-0.408,5064,4465;
117563,0.079,1.004,-0.143,-0.008,-0.181,0.036,-0.182,-0.091,-0.408,5056,4459;
117593,0.075,1.011,-0.154,0.007,-0.144,0.036,-0.182,-0.091,-0.408,5045,4450;
