66719,0.113,0.996,-0.147,0.022,-0.002,-0.021,0.091,0.000,0.204,4842,4332;
66721,0.113,0.989,-0.147,0.012,0.001,-0.027,0.182,0.273,-0.714,4842,4314;
66725,0.098,1.000,-0.150,0.019,0.000,-0.022,0.182,0.273,-0.714,4841,4327;
66726,0.105,0.996,-0.157,0.030,-0.008,-0.015,0.182,0.273,-0.714,4841,4326;
66727,0.105,0.993,-0.154,0.008,-0.023,-0.006,-0.273,0.091,-0.204,4843,4323;
66728,0.098,0.996,-0.150,0.028,0.002,-0.008,-0.273,0.091,-0.204,4843,4310;
66729,0.102,1.004,-0.150,0.039,0.002,-0.012,-0.182,0.818,1.633,4842,4299;
66730,0.090,0.974,-0.154,0.017,0.008,-0.015,-0.182,0.818,1.633,4727,4324;
66731,0.102,0.989,-0.150,0.011,0.016,-0.016,-0.182,0.818,1.633,4840,4323;
66804,0.102,0.996,-0.143,0.018,0.028,-0.016,0.091,-0.182,-0.408,4832,4311;
66805,0.102,0.996,-0.147,0.018,0.021,-0.021,0.091,-0.182,-0.408,4836,4302;
66806,0.105,0.993,-0.157,0.018,0.004,-0.023,0.000,-0.182,-0.510,4835,4316;
66809,0.098,1.000,-0.150,0.029,-0.012,-0.030,0.000,-0.182,-0.510,4834,4315;
66843,0.105,0.989,-0.150,0.015,0.004,-0.035,0.000,-0.182,-0.510,4838,4299;
66863,0.128,0.989,-0.143,-0.017,-0.007,-0.029,0.000,0.273,1.224,4849,4325;
66893,0.117,1.000,-0.133,-0.030,-0.058,-0.038,0.000,0.273,1.224,4849,4325;
66913,0.113,1.004,-0.150,0.000,-0.039,-0.053,0.000,0.273,1.224,4844,4324;
66943,0.102,0.985,-0.143,-0.010,-0.019,-0.062,0.273,0.000,0.000,4849,4307;
66963,0.109,0.989,-0.157,-0.013,0.015,-0.068,0.273,0.000,0.000,4847,4323;
66993,0.124,0.996,-0.157,-0.016,0.028,-0.070,0.000,0.091,-0.612,4847,4321;
67023,0.139,0.993,-0.143,-0.023,0.029,-0.068,0.000,0.091,-0.612,4837,4316;
67053,0.143,0.981,-0.143,-0.052,-0.006,-0.075,0.000,0.091,-0.612,4800,4318;
67083,0.139,0.978,-0.140,-0.075,-0.012,-0.086,-0.091,-0.818,-0.306,4845,4316;
67103,0.158,1.011,-0.157,-0.046,-0.046,-0.091,-0.091,-0.818,-0.306,4847,4312;
67133,0.166,1.000,-0.154,-0.062,-0.056,-0.087,0.000,0.091,-0.408,4846,4308;
67153,0.158,0.996,-0.154,-0.015,-0.083,-0.084,0.000,0.091,-0.408,4804,4305;
67183,0.132,0.989,-0.140,-0.023,-0.186,-0.086,0.000,0.091,-0.408,4836,4300;
67203,0.124,1.000,-0.150,-0.030,-0.200,-0.098,0.091,-0.091,0.204,4830,4294;
67233,0.090,1.004,-0.147,0.034,-0.152,-0.086,0.091,-0.091,0.204,4816,4289;
67263,0.068,0.978,-0.140,-0.017,-0.112,-0.091,-0.182,-0.818,-0.408,4812,4286;
67293,0.019,0.974,-0.108,-0.057,0.047,-0.084,-0.182,-0.818,-0.408,4825,4281;
67313,0.011,0.955,-0.119,-0.058,0.217,-0.017,-0.182,-0.818,-0.408,4825,4269;
67343,0.030,0.955,-0.161,0.004,0.185,-0.002,-0.091,-0.091,-0.102,4826,4263;
67363,0.072,1.027,-0.203,0.056,0.136,-0.028,-0.091,-0.091,-0.102,4801,4254;
67393,0.102,1.087,-0.241,0.141,0.203,-0.029,-0.091,-0.091,-0.102,4810,4246;
67423,0.113,1.064,-0.227,0.070,0.089,-0.058,-0.182,0.000,-0.204,4792,4251;
67453,0.075,1.038,-0.206,0.042,-0.073,-0.093,-0.182,0.000,-0.204,4759,4259;
67483,0.083,1.023,-0.210,0.141,-0.087,-0.100,-0.091,0.727,-0.612,4780,4284;
67503,0.023,0.936,-0.171,0.017,-0.114,-0.134,-0.091,0.727,-0.612,4783,4289;
67533,-0.008,0.925,-0.150,-0.040,-0.073,-0.151,-0.091,0.727,-0.612,4786,4295;
67553,-0.004,0.948,-0.157,-0.002,0.087,-0.146,-0.091,0.091,-0.102,4787,4283;
67583,0.019,0.936,-0.147,-0.051,0.112,-0.144,-0.091,0.091,-0.102,4786,4313;
67603,0.023,0.970,-0.189,-0.034,0.144,-0.142,-0.182,0.000,-0.102,4781,4323;
67633,0.045,0.989,-0.213,0.032,0.199,-0.135,-0.182,0.000,-0.102,4780,4322;
67653,0.056,0.978,-0.220,0.061,0.277,-0.124,-0.182,0.000,-0.102,4792,4327;
67683,0.087,0.966,-0.224,0.001,0.194,-0.103,-0.091,0.273,0.102,4811,4370;
67713,0.087,0.966,-0.234,0.005,0.181,-0.070,-0.091,0.273,0.102,4831,4384;
67733,0.072,0.955,-0.224,-0.008,0.161,-0.033,-0.091,0.273,0.102,4859,4401;
67763,0.072,0.955,-0.258,-0.036,0.069,-0.021,-0.182,-0.091,-0.612,4884,4397;
67783,0.094,0.963,-0.283,0.028,0.023,0.002,-0.182,-0.091,-0.612,4901,4424;
67813,0.113,0.955,-0.286,-0.001,-0.006,0.034,-0.091,0.000,-0.204,4922,4406;
67843,0.120,0.944,-0.300,-0.085,-0.204,0.091,-0.091,0.000,-0.204,4924,4431;
67873,0.154,0.996,-0.293,-0.125,-0.414,0.129,-0.091,0.000,-0.204,4932,4451;
67893,0.162,0.993,-0.311,-0.130,-0.591,0.180,-0.182,0.091,-0.612,4950,4479;
67923,0.188,0.989,-0.297,-0.312,-1.051,0.260,-0.182,0.091,-0.612,4969,4505;
67943,0.083,1.045,-0.346,-0.260,-0.883,0.280,0.091,0.455,-0.204,4975,4520;
67973,0.008,1.263,-0.283,0.000,-0.301,0.172,0.091,0.455,-0.204,4958,4495;
67993,-0.023,1.158,-0.231,0.010,-0.061,0.089,0.091,0.455,-0.204,4951,4463;
68023,0.038,1.011,-0.203,-0.085,-0.134,0.075,-0.091,0.000,-0.408,4972,4462;
68053,0.034,1.154,-0.199,0.007,-0.059,0.068,-0.091,0.000,-0.408,5015,4479;
68073,-0.049,1.169,-0.042,-0.062,0.339,-0.091,-0.091,0.273,-0.204,5023,4483;
68103,-0.038,1.087,0.059,0.083,0.380,-0.155,-0.091,0.273,-0.204,5071,4510;
68133,0.034,0.955,0.150,-0.063,0.102,-0.002,-0.091,0.273,-0.204,5095,4555;
68153,-0.008,0.974,0.094,0.117,0.010,0.064,0.091,-0.091,-0.204,5148,4604;
68183,-0.004,0.963,0.014,0.083,0.113,0.034,0.091,-0.091,-0.204,5159,4617;
68203,0.004,0.978,-0.031,0.164,0.226,0.004,0.091,-0.091,-0.204,5207,4625;
68233,0.038,0.955,-0.024,0.130,0.397,0.007,0.091,0.091,-0.102,5217,4634;
68253,0.109,0.891,0.017,-0.023,0.345,-0.012,0.091,0.091,-0.102,5219,4637;
68283,0.087,0.959,-0.049,-0.023,0.365,-0.007,0.091,-0.182,0.102,5174,4639;
68313,0.049,0.978,-0.052,0.096,0.316,0.049,0.091,-0.182,0.102,5171,4626;
68333,0.056,0.989,-0.077,0.189,0.353,0.104,0.091,-0.182,0.102,5156,4599;
68363,0.072,0.929,-0.087,0.100,0.306,0.120,0.000,0.364,-0.204,5156,4563;
68383,0.083,0.936,-0.122,0.100,0.372,0.124,0.000,0.364,-0.204,5124,4525;
68413,0.151,0.933,-0.150,0.084,0.482,0.108,0.000,0.364,-0.204,5161,4485;
68433,0.203,0.925,-0.136,0.030,0.305,0.100,-0.091,0.000,-0.408,5152,4438;
68463,0.203,0.970,-0.182,0.022,0.197,0.074,-0.091,0.000,-0.408,5140,4399;
68493,0.177,0.955,-0.189,-0.089,0.212,0.011,0.000,0.273,-0.204,5169,4368;
68513,0.154,0.933,-0.182,-0.183,0.205,-0.002,0.000,0.273,-0.204,5179,4322;
68543,0.184,0.955,-0.196,-0.085,0.244,0.049,0.000,0.273,-0.204,5181,4267;
68573,0.215,0.970,-0.199,0.021,0.251,0.058,0.091,0.000,-0.204,5187,4214;
68593,0.203,0.981,-0.220,0.051,0.330,0.000,0.091,0.000,-0.204,5176,4158;
68623,0.211,0.970,-0.203,0.084,0.396,-0.056,0.091,0.000,-0.204,5155,4104;
68643,0.245,0.959,-0.210,0.061,0.344,-0.068,0.000,0.091,-1.122,5121,4058;
68673,0.316,1.030,-0.227,-0.041,0.095,-0.079,0.000,0.091,-1.122,5067,4022;
68703,0.286,1.184,-0.265,0.217,0.245,-0.081,0.182,0.636,0.306,5053,3999;
68723,0.260,1.233,-0.269,0.374,0.160,-0.001,0.182,0.636,0.306,4987,3959;
68753,0.256,1.068,-0.136,0.183,0.021,0.067,0.182,0.636,0.306,4953,3960;
68773,0.105,1.079,0.147,-0.217,0.030,0.134,0.091,0.182,-0.102,4890,3937;
68803,-0.060,1.162,0.241,-0.461,-0.380,0.199,0.091,0.182,-0.102,4918,3958;
68833,-0.331,1.218,0.010,0.019,0.040,0.197,0.000,-0.091,-0.204,4933,3949;
68863,-0.139,1.117,-0.028,0.487,0.347,0.096,0.000,-0.091,-0.204,4947,3938;
68893,0.098,0.996,-0.035,0.164,0.192,-0.047,0.000,-0.091,-0.204,4958,3943;
68913,0.192,0.985,-0.073,0.087,-0.102,-0.095,0.091,-0.182,-0.306,4953,3980;
68943,0.143,1.000,-0.101,0.115,-0.236,-0.113,0.091,-0.182,-0.306,4950,4002;
68963,0.049,0.963,-0.112,0.180,-0.345,-0.165,0.091,0.091,0.000,4953,4037;
68993,0.015,0.925,-0.147,0.287,-0.347,-0.185,0.091,0.091,0.000,4942,4058;
69013,0.079,0.899,-0.136,0.233,-0.391,-0.146,0.091,0.091,0.000,4827,4095;
69043,0.098,0.906,-0.143,0.143,-0.476,-0.097,0.182,0.000,-0.306,4901,4084;
69063,0.045,0.906,-0.168,0.148,-0.361,-0.089,0.182,0.000,-0.306,4894,4072;
69093,0.064,0.887,-0.164,0.106,-0.364,-0.090,0.182,0.000,-0.306,4878,4072;
69123,0.056,0.872,-0.189,0.040,-0.300,-0.085,-0.273,-0.091,-0.510,4866,4102;
69143,0.087,0.872,-0.217,0.029,-0.285,-0.073,-0.273,-0.091,-0.510,4842,4121;
69173,0.124,0.917,-0.262,0.025,-0.372,-0.032,-0.091,0.091,-0.306,4831,4148;
69193,0.169,0.940,-0.262,0.100,-0.483,0.075,-0.091,0.091,-0.306,4808,4150;
69223,0.166,0.839,-0.265,0.024,-0.767,0.161,-0.091,0.091,-0.306,4810,4185;
69253,0.139,0.816,-0.262,-0.174,-0.860,0.132,0.000,0.091,-0.102,4819,4204;
69283,0.117,1.042,-0.318,-0.057,-0.988,0.080,0.000,0.091,-0.102,4813,4202;
69313,0.000,1.083,-0.321,-0.029,-1.028,0.131,0.000,-0.091,-0.510,4753,4196;
69333,0.094,1.027,-0.405,-0.113,-0.838,0.175,0.000,-0.091,-0.510,4818,4234;
69363,0.049,1.331,-0.409,-0.234,-0.340,-0.083,0.000,-0.091,-0.510,4820,4217;
69383,0.045,1.470,-0.286,0.203,0.041,-0.149,-0.091,0.000,0.204,4793,4224;
69413,-0.136,0.933,0.014,-0.040,0.103,-0.248,-0.091,0.000,0.204,4792,4278;
69433,-0.124,1.297,0.150,-0.359,0.172,-0.457,0.091,-0.182,-0.408,4826,4299;
69463,-0.154,1.060,0.119,0.673,0.310,-0.198,0.091,-0.182,-0.408,4817,4362;
69493,0.233,1.105,0.003,0.861,-0.118,0.243,0.091,-0.182,-0.408,4816,4446;
69523,0.083,0.778,0.077,0.323,-0.220,0.265,0.091,0.000,-0.102,4846,4448;
69543,0.004,1.023,-0.063,-0.015,-0.090,0.260,0.091,0.000,-0.102,4865,4435;
69573,-0.064,1.023,-0.017,0.123,0.152,0.144,0.091,0.000,-0.102,4870,4418;
69593,-0.011,0.974,-0.024,0.211,0.282,0.194,-0.091,0.000,-0.408,4856,4394;
69623,0.053,0.835,-0.017,-0.040,0.273,0.204,-0.091,0.000,-0.408,4895,4366;
69643,0.060,0.933,-0.080,-0.070,0.399,0.148,-0.182,0.091,0.000,4919,4341;
69683,0.068,0.854,-0.042,-0.182,0.487,0.073,-0.182,0.091,0.000,4949,4327;
69703,0.181,0.884,-0.080,-0.202,0.413,0.083,0.000,-0.091,-0.612,4999,4305;
69733,0.192,0.872,-0.101,-0.245,0.266,0.070,0.000,-0.091,-0.612,5041,4315;
69753,0.169,0.921,-0.150,-0.287,0.202,0.032,0.000,-0.091,-0.612,5082,4304;
69783,0.139,0.933,-0.168,-0.328,0.171,-0.040,0.000,0.182,-0.306,5134,4295;
69813,0.105,0.921,-0.175,-0.293,0.268,-0.120,0.000,0.182,-0.306,5178,4264;
69833,0.128,0.951,-0.231,-0.183,0.174,-0.089,0.000,0.182,-0.306,5205,4249;
69863,0.188,0.955,-0.276,0.025,0.358,-0.061,0.000,0.091,-0.306,5212,4209;
69903,0.166,0.959,-0.234,-0.022,0.382,-0.171,0.000,0.091,-0.306,5212,4190;
69923,0.192,1.034,-0.248,0.008,0.308,-0.143,0.000,-0.091,-0.204,5141,4170;
69953,0.316,1.049,-0.244,-0.080,0.123,-0.087,0.000,-0.091,-0.204,5126,4157;
69973,0.297,1.256,-0.325,0.115,0.006,-0.021,0.000,-0.091,-0.204,5072,4125;
70003,0.267,1.263,-0.321,0.348,0.114,0.069,0.091,0.000,-0.102,5014,4080;
70023,0.267,1.117,-0.189,0.211,0.282,0.147,0.091,0.000,-0.102,4952,4077;
70053,0.271,1.105,0.147,-0.568,0.194,0.239,0.273,0.000,-0.612,4989,4053;
70083,-0.215,1.173,0.269,-0.635,-0.637,0.166,0.273,0.000,-0.612,4994,4036;
70103,-0.339,1.263,-0.063,0.454,0.537,0.147,0.273,0.000,-0.612,5025,4043;
70133,0.004,1.098,-0.035,0.512,0.324,0.049,0.000,-0.364,-0.510,5048,4050;
70163,0.139,0.978,-0.084,0.205,0.016,-0.042,0.000,-0.364,-0.510,5048,4078;
70183,0.218,1.015,-0.112,0.205,-0.336,-0.076,0.000,0.273,-0.204,5040,4109;
70213,0.064,0.981,-0.087,0.143,-0.446,-0.143,0.000,0.273,-0.204,5023,4150;
70233,-0.008,0.917,-0.059,0.169,-0.415,-0.176,0.000,0.273,-0.204,5017,4219;
70263,-0.053,0.823,-0.056,0.084,-0.419,-0.229,0.000,-0.091,-0.408,5013,4277;
70293,-0.049,0.839,-0.091,0.021,-0.232,-0.270,0.000,-0.091,-0.408,4904,4281;
70323,0.015,0.933,-0.147,0.070,-0.112,-0.232,0.091,0.000,-0.408,4963,4254;
70343,-0.004,0.850,-0.143,-0.001,-0.090,-0.205,0.091,0.000,-0.408,4959,4267;
70373,0.026,0.865,-0.164,-0.062,-0.090,-0.165,0.091,0.000,-0.408,4940,4252;
70393,0.090,0.902,-0.206,-0.013,-0.110,-0.093,-0.091,0.182,-0.612,4924,4235;
70423,0.117,0.914,-0.255,0.072,-0.223,0.001,-0.091,0.182,-0.612,4901,4200;
70443,0.136,0.959,-0.297,0.210,-0.306,0.104,-0.091,0.182,-0.612,4874,4219;
70473,0.169,0.899,-0.311,0.229,-0.441,0.209,-0.091,0.000,-0.102,4863,4211;
70503,0.169,0.827,-0.262,-0.042,-0.909,0.206,-0.091,0.000,-0.102,4864,4209;
70523,0.049,1.042,-0.307,0.142,-0.762,0.160,-0.182,0.091,-0.408,4854,4187;
70553,0.045,1.019,-0.283,0.114,-0.679,0.187,-0.182,0.091,-0.408,4841,4217;
70573,0.064,1.053,-0.426,-0.063,-0.930,0.195,-0.182,0.091,-0.408,4847,4251;
70603,0.072,1.147,-0.451,-0.091,-0.420,0.067,0.091,-0.091,-0.204,4839,4246;
70623,0.083,1.504,-0.311,0.124,0.033,0.019,0.091,-0.091,-0.204,4784,4197;
70653,-0.041,1.222,-0.119,-0.053,0.034,-0.192,0.091,-0.091,-0.204,4795,4226;
70683,-0.275,1.365,0.045,-0.225,0.255,-0.414,0.000,0.000,-0.306,4802,4248;
70713,-0.087,0.970,0.143,0.318,0.202,-0.265,0.000,0.000,-0.306,4815,4353;
70733,0.226,1.124,0.038,0.538,0.109,0.052,-0.182,0.091,-0.510,4799,4457;
70763,0.177,0.902,0.147,0.068,-0.212,0.098,-0.182,0.091,-0.510,4829,4508;
70783,-0.064,1.023,-0.007,0.076,0.137,0.052,-0.182,0.091,-0.510,4801,4494;
70813,-0.109,1.008,-0.024,0.072,0.431,0.047,0.182,0.091,-0.102,4847,4500;
70843,0.000,0.966,-0.066,0.168,0.645,0.158,0.182,0.091,-0.102,4844,4483;
70863,0.105,0.854,-0.010,-0.051,0.552,0.155,0.091,0.364,-0.204,4919,4464;
70893,0.090,0.857,-0.056,-0.079,0.653,0.135,0.091,0.364,-0.204,4955,4449;
70923,0.072,0.884,-0.133,-0.073,0.567,0.163,0.091,0.364,-0.204,5012,4439;
70953,0.147,0.872,-0.161,-0.107,0.535,0.120,0.000,0.000,-0.612,5045,4427;
70973,0.184,0.917,-0.171,-0.149,0.517,0.022,0.000,0.000,-0.612,5069,4405;
71003,0.169,0.914,-0.182,-0.170,0.420,-0.059,-0.091,0.091,-0.204,5085,4367;
71023,0.158,0.933,-0.213,-0.143,0.289,-0.085,-0.091,0.091,-0.204,5122,4326;
71053,0.143,0.917,-0.248,-0.073,0.330,-0.080,-0.091,0.091,-0.204,5147,4301;
71073,0.184,0.887,-0.293,0.069,0.436,-0.121,-0.182,0.000,-0.306,5188,4288;
71103,0.256,0.884,-0.213,-0.199,0.335,-0.124,-0.182,0.000,-0.306,5202,4214;
71133,0.226,1.030,-0.217,-0.045,0.466,-0.131,-0.091,0.273,-0.102,5173,4185;
71163,0.256,1.011,-0.251,0.114,0.469,-0.078,-0.091,0.273,-0.102,5118,4153;
71183,0.425,1.105,-0.279,0.100,-0.028,0.076,-0.091,0.273,-0.102,5076,4109;
71213,0.407,1.188,-0.328,0.367,-0.110,0.188,-0.091,0.091,-0.306,5018,4061;
71233,0.339,1.207,-0.269,0.348,-0.092,0.181,-0.091,0.091,-0.306,4975,4039;
71263,0.230,0.970,-0.021,-0.021,0.045,0.180,-0.091,0.091,-0.306,4965,4048;
71283,0.011,1.045,0.251,-0.639,-0.175,0.297,0.000,0.000,-0.102,4976,4021;
71313,-0.350,1.241,0.115,-0.239,-0.204,0.339,0.000,0.000,-0.102,4972,3998;
71353,-0.226,1.440,-0.154,0.710,0.622,0.211,-0.091,0.455,-0.306,5017,3985;
71373,0.068,1.000,-0.073,0.209,0.140,-0.066,-0.091,0.455,-0.306,5042,4026;
71403,0.271,1.064,-0.136,0.257,-0.290,-0.183,-0.091,0.455,-0.306,5047,4111;
71423,0.207,0.978,-0.147,0.115,-0.514,-0.232,0.182,-0.091,0.204,5032,4181;
71453,0.041,0.955,-0.133,0.142,-0.606,-0.243,0.182,-0.091,0.204,5007,4224;
71473,-0.064,0.808,-0.105,0.138,-0.528,-0.251,-0.182,-0.091,0.204,4995,4303;
71503,-0.026,0.797,-0.122,0.138,-0.407,-0.248,-0.182,-0.091,0.204,4979,4339;
71533,0.000,0.808,-0.129,0.034,-0.329,-0.222,-0.182,-0.091,0.204,4937,4345;
71553,0.019,0.880,-0.213,0.057,-0.302,-0.148,0.182,-0.182,0.000,4910,4331;
71583,0.019,0.816,-0.224,0.018,-0.209,-0.095,0.182,-0.182,0.000,4927,4315;
71603,0.068,0.808,-0.227,-0.075,-0.155,-0.055,0.182,-0.182,0.000,4756,4292;
71633,0.109,0.816,-0.234,-0.151,-0.261,-0.011,-0.091,0.091,0.102,4877,4273;
71653,0.177,0.981,-0.290,0.038,-0.318,0.101,-0.091,0.091,0.102,4843,4261;
71683,0.158,0.861,-0.311,0.103,-0.472,0.204,0.000,0.182,-0.306,4830,4269;
71713,0.087,0.767,-0.314,-0.260,-0.681,0.119,0.000,0.182,-0.306,4839,4290;
71743,0.094,1.038,-0.388,-0.199,-0.387,-0.019,0.000,0.182,-0.306,4825,4326;
71763,0.154,1.102,-0.248,-0.034,-0.645,0.007,0.182,0.273,-0.306,4826,4335;
71793,0.038,1.015,-0.416,-0.308,-1.008,0.091,0.182,0.273,-0.306,4904,4353;
71813,0.072,1.230,-0.482,-0.103,-0.352,0.022,-0.091,0.091,-0.510,4892,4319;
71843,0.023,1.421,-0.304,-0.129,-0.093,-0.096,-0.091,0.091,-0.510,4865,4280;
71863,-0.184,1.199,-0.133,-0.192,0.046,-0.272,-0.091,0.091,-0.510,4872,4280;
71893,-0.218,1.406,0.094,-0.426,0.344,-0.463,0.091,0.000,-0.510,4964,4309;
71913,-0.072,1.121,0.129,0.353,0.217,-0.280,0.091,0.000,-0.510,5001,4362;
71943,0.222,1.023,0.084,0.419,-0.130,0.096,0.091,0.000,-0.510,5012,4414;
71973,0.087,0.895,0.098,0.056,-0.311,0.205,-0.091,0.182,-0.306,5031,4458;
72003,-0.083,1.027,-0.031,-0.032,-0.165,0.165,-0.091,0.182,-0.306,5047,4487;
72023,-0.072,0.955,-0.014,-0.015,0.245,0.081,0.000,0.091,-0.306,5048,4508;
72053,0.060,0.948,-0.010,0.100,0.334,0.152,0.000,0.091,-0.306,5059,4521;
72073,0.079,0.827,0.017,-0.110,0.304,0.193,0.000,0.091,-0.306,5057,4525;
72103,0.041,0.899,-0.045,-0.108,0.392,0.186,-0.091,0.000,-0.102,5119,4519;
72133,0.045,0.899,-0.105,-0.134,0.521,0.140,-0.091,0.000,-0.102,5160,4492;
72153,0.124,0.880,-0.150,-0.182,0.599,0.123,0.000,0.000,-0.306,5208,4453;
72183,0.211,0.895,-0.150,-0.181,0.435,0.093,0.000,0.000,-0.306,5245,4410;
72203,0.188,0.936,-0.185,-0.163,0.324,0.030,0.000,0.000,-0.306,5289,4359;
72233,0.184,0.959,-0.217,-0.144,0.209,-0.022,0.091,-0.091,0.102,5321,4310;
72253,0.188,0.914,-0.224,-0.129,0.336,-0.070,0.091,-0.091,0.102,5352,4273;
72283,0.215,0.951,-0.224,0.004,0.335,-0.011,0.091,-0.091,0.102,5366,4231;
72313,0.162,0.925,-0.227,0.260,0.382,-0.029,0.091,0.091,0.102,5350,4191;
72343,0.226,0.974,-0.248,0.136,0.359,-0.069,0.091,0.091,0.102,5291,4127;
72373,0.448,1.173,-0.335,0.216,0.175,0.130,-0.182,0.000,-0.204,5222,4048;
72393,0.455,1.075,-0.314,0.290,-0.095,0.277,-0.182,0.000,-0.204,5182,4025;
72423,0.422,1.038,-0.227,0.018,-0.033,0.316,-0.182,0.000,-0.204,5161,4000;
72443,0.173,1.083,0.000,-0.273,-0.059,0.308,0.091,0.182,-0.510,5148,3990;
72473,-0.105,1.128,0.224,-0.545,0.330,0.323,0.091,0.182,-0.510,5142,3924;
72493,-0.418,1.312,0.196,-0.471,0.222,0.243,-0.273,-0.091,-0.306,5150,3910;
72523,-0.222,1.519,-0.073,0.455,0.968,0.102,-0.273,-0.091,-0.306,5188,3915;
72553,0.136,1.147,-0.063,0.466,0.294,-0.163,-0.273,-0.091,-0.306,5239,3989;
72583,0.199,1.132,-0.119,0.433,-0.130,-0.267,-0.091,0.000,-0.408,5201,4126;
72603,0.132,0.914,-0.119,0.161,-0.103,-0.305,-0.091,0.000,-0.408,5207,4220;
72633,0.098,0.895,-0.080,0.021,-0.501,-0.283,0.182,-0.182,0.000,5165,4314;
72653,0.000,0.854,-0.091,0.096,-0.358,-0.363,0.182,-0.182,0.000,5149,4402;
72683,-0.045,0.786,-0.098,0.096,-0.323,-0.392,0.182,-0.182,0.000,5099,4472;
72713,-0.023,0.820,-0.129,-0.023,-0.293,-0.374,0.000,0.273,-0.204,5115,4473;
72743,0.000,0.865,-0.189,0.015,-0.215,-0.283,0.000,0.273,-0.204,5084,4432;
72763,0.041,0.775,-0.154,-0.041,-0.295,-0.131,-0.091,0.182,-0.102,5064,4416;
72793,0.072,0.775,-0.182,-0.109,-0.330,-0.001,-0.091,0.182,-0.102,5016,4381;
72813,0.094,0.846,-0.220,-0.160,-0.297,0.052,-0.091,0.182,-0.102,5043,4344;
72843,0.132,0.993,-0.283,0.007,-0.316,0.030,0.000,0.091,-0.306,5018,4317;
72863,0.166,0.985,-0.318,0.273,-0.418,0.086,0.000,0.091,-0.306,4995,4303;
72893,0.169,0.869,-0.325,0.095,-0.725,0.151,0.000,0.091,-0.306,4943,4308;
72913,0.075,0.914,-0.265,-0.198,-0.658,0.053,0.091,-0.364,-0.306,4967,4319;
72943,-0.015,1.117,-0.286,-0.185,-0.738,-0.024,0.091,-0.364,-0.306,4933,4349;
72973,0.109,1.256,-0.538,0.259,-0.491,-0.001,-0.182,0.000,0.102,4898,4381;
72993,0.286,1.290,-0.440,0.115,-0.329,-0.006,-0.182,0.000,0.102,4814,4400;
73023,0.117,1.248,-0.182,0.049,-0.452,-0.035,-0.182,0.000,0.102,4843,4418;
73043,-0.162,0.933,-0.021,-0.322,-0.509,-0.313,0.091,0.182,-0.510,4844,4449;
73063,-0.233,1.293,0.220,-0.527,-0.302,-0.607,0.091,0.182,-0.510,4777,4450;
73093,-0.215,1.320,0.251,0.338,0.159,-0.339,0.091,0.182,-0.510,4767,4504;
73123,0.154,1.233,0.133,0.948,-0.199,0.127,-0.182,0.182,-0.510,4732,4554;
73153,-0.019,0.861,0.073,0.484,-0.401,0.259,-0.182,0.182,-0.510,4733,4619;
73173,-0.184,0.989,-0.014,0.113,0.106,0.285,0.182,-0.091,0.000,4769,4624;
73203,-0.188,0.936,-0.024,0.000,0.739,0.234,0.182,-0.091,0.000,4817,4617;
73223,-0.004,0.865,0.014,0.016,0.805,0.260,0.182,-0.091,0.000,4871,4599;
73253,0.087,0.827,-0.028,-0.017,0.855,0.280,0.091,0.091,0.000,4913,4572;
73273,0.087,0.895,-0.059,-0.087,0.843,0.250,0.091,0.091,0.000,4932,4523;
73303,0.049,0.917,-0.098,-0.052,0.908,0.168,0.091,0.091,0.000,4916,4471;
73333,0.120,0.872,-0.115,-0.032,0.918,0.117,-0.091,-0.091,-0.408,4950,4423;
73363,0.230,0.876,-0.136,-0.102,0.580,0.078,-0.091,-0.091,-0.408,4960,4383;
73383,0.222,0.925,-0.199,-0.132,0.493,0.002,-0.273,0.000,-0.102,5008,4356;
73413,0.169,0.940,-0.217,-0.161,0.453,-0.004,-0.273,0.000,-0.102,5052,4294;
73443,0.192,0.989,-0.286,0.076,0.486,0.079,-0.273,0.000,-0.102,5099,4254;
73463,0.222,0.801,-0.265,0.119,0.389,-0.029,-0.091,-0.182,-0.408,5143,4253;
73493,0.256,0.850,-0.178,-0.172,0.538,-0.225,-0.091,-0.182,-0.408,5156,4227;
73513,0.305,1.087,-0.255,-0.227,0.662,-0.176,-0.091,0.000,0.000,5120,4202;
73553,0.301,1.057,-0.272,0.044,0.629,-0.081,-0.091,0.000,0.000,5067,4195;
73573,0.440,1.109,-0.304,0.091,0.134,0.056,-0.091,0.000,0.000,5032,4173;
73603,0.358,1.154,-0.269,0.010,-0.085,0.148,0.000,0.091,0.204,4988,4084;
73623,0.215,1.181,-0.213,0.165,0.101,0.151,0.000,0.091,0.204,4949,4062;
73653,0.124,1.147,0.227,-0.408,0.357,0.231,0.091,0.273,-0.408,4915,4001;
73673,-0.158,1.226,0.360,-0.659,-0.487,0.263,0.091,0.273,-0.408,4904,3945;
73703,-0.429,1.286,-0.122,0.204,0.580,0.233,0.091,0.273,-0.408,4914,3906;
73723,-0.105,1.241,-0.108,0.503,0.622,0.044,0.000,0.727,0.918,4931,3909;
73753,0.203,1.045,-0.091,0.195,0.448,-0.186,0.000,0.727,0.918,4937,3944;
73783,0.327,1.068,-0.136,0.091,-0.339,-0.242,0.000,0.727,0.918,4922,4013;
73803,0.184,1.011,-0.129,0.127,-0.446,-0.280,0.000,0.000,-0.816,4933,4080;
73833,-0.004,0.895,-0.122,0.195,-0.397,-0.317,0.000,0.000,-0.816,4938,4160;
73853,-0.038,0.748,-0.087,0.144,-0.520,-0.321,-0.091,-0.364,-0.204,4964,4241;
73883,-0.011,0.741,-0.115,0.063,-0.494,-0.336,-0.091,-0.364,-0.204,4981,4295;
73903,0.053,0.812,-0.175,-0.113,-0.526,-0.372,-0.091,-0.364,-0.204,4970,4283;
73933,0.041,0.831,-0.154,-0.175,-0.527,-0.342,-0.091,-0.455,-0.204,4944,4286;
73963,0.000,0.854,-0.213,-0.084,-0.367,-0.206,-0.091,-0.455,-0.204,4914,4250;
73993,0.026,0.880,-0.224,0.040,-0.391,-0.044,-0.182,-0.182,-0.408,4887,4240;
74013,0.120,0.876,-0.286,0.102,-0.345,0.076,-0.182,-0.182,-0.408,4837,4218;
74043,0.184,0.936,-0.328,0.277,-0.497,0.210,-0.182,-0.182,-0.408,4881,4220;
74063,0.154,0.933,-0.283,0.244,-0.884,0.165,-0.273,-0.091,-0.102,4889,4261;
74093,0.113,0.989,-0.286,0.136,-0.583,0.091,-0.273,-0.091,-0.102,4913,4313;
74113,0.034,0.959,-0.220,-0.482,-1.152,0.028,-0.273,-0.091,-0.102,4884,4327;
74143,-0.113,1.399,-0.548,0.399,-0.335,0.042,0.000,0.000,-0.102,4845,4327;
74173,-0.068,1.312,-0.265,-0.126,0.174,-0.123,0.000,0.000,-0.102,4790,4304;
74203,-0.087,1.147,-0.185,-0.305,0.123,-0.295,0.364,-0.182,-0.102,4795,4301;
74223,-0.196,1.282,0.196,-0.474,0.407,-0.606,0.364,-0.182,-0.102,4811,4304;
74253,-0.109,1.117,0.182,0.379,0.302,-0.441,0.364,-0.182,-0.102,4840,4341;
74273,0.136,1.075,0.094,0.675,0.039,0.001,0.091,0.091,-0.510,4833,4412;
74303,0.139,0.902,0.073,0.538,-0.373,0.216,0.091,0.091,-0.510,4833,4426;
74333,-0.053,0.884,0.010,0.076,0.025,0.231,-0.091,0.091,-0.306,4742,4429;
74363,-0.109,1.000,-0.077,0.008,0.482,0.214,-0.091,0.091,-0.306,4874,4494;
74383,0.034,0.981,-0.035,0.096,0.557,0.244,-0.091,0.091,-0.306,4940,4484;
74413,0.128,0.812,-0.045,0.086,0.582,0.314,-0.091,-0.091,-0.306,4979,4424;
74443,0.158,0.839,-0.080,-0.146,0.480,0.308,-0.091,-0.091,-0.306,5048,4462;
74463,0.128,0.891,-0.105,-0.222,0.443,0.195,-0.182,0.091,-0.204,5103,4441;
74493,0.117,0.857,-0.115,-0.225,0.426,0.138,-0.182,0.091,-0.204,5145,4420;
74513,0.166,0.823,-0.119,-0.202,0.260,0.090,-0.182,0.091,-0.204,5171,4377;
74543,0.203,0.933,-0.185,-0.174,0.208,0.001,0.000,-0.091,-0.306,5196,4361;
74573,0.173,0.940,-0.206,-0.181,0.250,-0.076,0.000,-0.091,-0.306,5202,4309;
74593,0.184,0.951,-0.258,-0.010,0.172,-0.083,0.000,-0.091,-0.306,5212,4265;
74623,0.199,0.876,-0.251,0.064,0.155,-0.090,0.000,0.091,-0.408,5205,4211;
74643,0.188,0.899,-0.241,0.047,0.324,-0.208,0.000,0.091,-0.408,5171,4195;
74673,0.275,1.090,-0.248,0.005,0.203,-0.180,0.000,0.000,-0.408,5107,4146;
74693,0.455,1.181,-0.321,0.102,-0.039,0.016,0.000,0.000,-0.408,5040,4113;
74723,0.467,1.057,-0.286,0.030,-0.562,0.103,0.000,0.000,-0.408,5012,4089;
74743,0.275,1.136,-0.227,-0.027,-0.234,0.255,0.000,0.000,-0.306,4974,4071;
74773,0.215,0.974,-0.014,-0.229,-0.154,0.448,0.000,0.000,-0.306,4965,4076;
74803,-0.218,1.053,0.307,-0.600,0.053,0.574,0.000,0.000,-0.306,4983,4032;
74823,-0.184,1.602,0.161,-0.177,-0.194,0.574,0.091,0.091,0.204,4950,3939;
74853,-0.237,1.564,-0.150,0.704,0.809,0.304,0.091,0.091,0.204,4955,3927;
74873,0.008,1.064,-0.024,0.110,0.306,-0.015,-0.182,-0.091,-0.510,4950,3990;
74903,0.237,1.316,-0.133,0.568,0.228,-0.127,-0.182,-0.091,-0.510,4943,4094;
74923,0.256,1.008,-0.098,0.073,-0.318,-0.206,-0.182,-0.091,-0.510,4941,4152;
74953,0.098,0.970,-0.133,0.057,-0.398,-0.214,-0.091,-0.182,-0.408,4954,4214;
74983,-0.060,0.835,-0.084,0.121,-0.486,-0.296,-0.091,-0.182,-0.408,4959,4287;
75013,-0.004,0.778,-0.129,0.245,-0.232,-0.345,-0.091,-0.182,-0.408,4998,4328;
75033,0.105,0.744,-0.098,0.033,-0.296,-0.297,-0.091,-0.091,0.000,4947,4372;
75063,0.072,0.756,-0.133,-0.134,-0.476,-0.222,-0.091,-0.091,0.000,5018,4358;
75093,0.064,0.839,-0.182,-0.056,-0.452,-0.119,-0.091,0.091,-0.510,5000,4317;
75113,0.079,0.729,-0.154,-0.049,-0.497,-0.032,-0.091,0.091,-0.510,4990,4286;
75143,0.083,0.760,-0.196,-0.135,-0.540,0.000,-0.091,0.091,-0.510,4959,4251;
75173,0.117,0.970,-0.279,0.195,-0.397,0.045,0.091,-0.091,-0.816,4940,4195;
75193,0.139,1.004,-0.304,0.419,-0.506,0.033,0.091,-0.091,-0.816,4923,4194;
75223,0.049,0.955,-0.248,0.129,-0.550,-0.012,-0.091,-0.091,-0.204,4908,4200;
75243,0.124,0.959,-0.349,-0.311,-0.856,-0.018,-0.091,-0.091,-0.204,4834,4218;
75273,0.196,1.331,-0.548,0.217,-0.482,0.051,-0.091,-0.091,-0.204,4810,4215;
75303,0.143,1.222,-0.328,-0.244,-0.229,-0.093,-0.091,0.182,0.000,4781,4221;
75323,-0.079,1.278,-0.175,-0.008,-0.185,-0.217,-0.091,0.182,0.000,4791,4272;
75353,-0.414,1.023,0.293,-0.714,0.455,-0.731,-0.182,0.000,-0.102,4783,4365;
75383,-0.215,1.433,0.234,-0.052,0.226,-0.660,-0.182,0.000,-0.102,4793,4504;
75403,0.030,1.158,0.192,0.942,-0.001,0.016,-0.182,0.000,-0.102,4765,4571;
75433,0.166,1.196,0.059,0.803,-0.455,0.282,-0.091,0.000,0.102,4769,4571;
75463,-0.169,0.963,0.000,-0.042,0.050,0.272,-0.091,0.000,0.102,4787,4564;
75483,-0.203,1.023,-0.084,-0.113,0.567,0.183,0.000,-0.182,-0.612,4819,4555;
75513,-0.105,0.910,-0.010,0.090,0.665,0.204,0.000,-0.182,-0.612,4779,4507;
75533,0.008,0.778,-0.035,0.118,0.829,0.306,0.000,-0.182,-0.612,4886,4507;
75563,0.181,0.778,-0.045,-0.067,0.677,0.342,0.091,-0.182,0.102,4923,4427;
75593,0.139,0.861,-0.122,-0.025,0.788,0.232,0.091,-0.182,0.102,4960,4324;
75623,0.181,0.850,-0.133,0.017,0.679,0.143,-0.091,0.091,0.102,4998,4278;
75643,0.222,0.812,-0.140,-0.053,0.424,0.059,-0.091,0.091,0.102,5012,4229;
75673,0.256,0.891,-0.157,-0.126,0.199,-0.028,-0.091,0.091,0.102,5021,4226;
75693,0.207,0.955,-0.255,-0.098,0.170,-0.063,-0.273,0.091,-0.306,5036,4203;
75723,0.188,0.929,-0.269,-0.055,0.227,-0.032,-0.273,0.091,-0.306,5062,4192;
75743,0.226,0.902,-0.300,-0.006,0.206,-0.006,-0.273,0.091,-0.306,5083,4170;
75783,0.207,0.884,-0.251,-0.017,0.300,-0.084,0.091,0.091,-0.102,5063,4163;
75813,0.312,1.072,-0.290,-0.180,0.259,-0.126,0.091,0.091,-0.102,5044,4102;
75833,0.399,1.094,-0.314,-0.170,0.169,-0.053,0.182,0.091,-0.204,5010,4065;
75863,0.361,1.087,-0.318,-0.313,0.113,0.027,0.182,0.091,-0.204,4946,4021;
75883,0.260,1.188,-0.244,-0.339,0.152,0.075,0.182,0.091,-0.204,4955,3988;
75913,0.060,1.057,0.073,-0.370,0.138,0.119,0.000,-0.091,-0.510,4950,3959;
75933,0.053,1.162,0.356,-0.840,0.449,0.378,0.000,-0.091,-0.510,4985,3915;
75963,-0.245,1.369,0.318,-0.727,-1.078,0.447,-0.091,0.000,-0.612,5004,3880;
75993,-0.263,1.331,-0.129,0.654,0.915,0.202,-0.091,0.000,-0.612,5054,3872;
76013,0.004,1.023,0.007,0.390,0.185,-0.140,-0.091,0.000,-0.612,4976,3913;
76043,0.297,1.105,-0.087,0.441,0.063,-0.254,0.000,0.909,0.714,5022,4078;
76073,0.320,1.023,-0.091,0.078,-0.257,-0.272,0.000,0.909,0.714,5004,4151;
76093,0.113,0.951,-0.066,-0.041,-0.657,-0.261,0.091,-0.273,0.000,5007,4209;
76123,-0.064,0.857,-0.066,0.192,-0.607,-0.305,0.091,-0.273,0.000,5026,4298;
76143,-0.019,0.812,-0.077,0.236,-0.492,-0.329,0.091,-0.273,0.000,5057,4370;
76173,0.026,0.775,-0.087,0.010,-0.488,-0.322,0.091,0.000,-0.714,5069,4390;
76203,0.011,0.872,-0.175,-0.085,-0.452,-0.290,0.091,0.000,-0.714,5055,4385;
76223,0.030,0.854,-0.171,0.044,-0.454,-0.187,0.091,0.000,-0.714,5057,4382;
76253,0.056,0.820,-0.143,0.051,-0.443,-0.087,0.000,0.000,-0.612,5047,4354;
76273,0.041,0.850,-0.171,0.057,-0.424,-0.028,0.000,0.000,-0.612,5026,4323;
76303,0.060,0.895,-0.244,0.314,-0.393,0.056,0.000,0.000,0.204,5020,4304;
76323,0.136,0.906,-0.349,0.520,-0.750,0.153,0.000,0.000,0.204,5013,4308;
76353,0.233,0.921,-0.433,0.348,-0.664,0.062,0.000,0.000,0.204,4986,4352;
76373,0.245,0.970,-0.101,-0.351,-0.857,-0.038,-0.182,0.000,-0.408,4941,4381;
76413,0.128,1.275,-0.447,0.263,-1.439,-0.044,-0.182,0.000,-0.408,4810,4358;
76433,-0.008,1.312,-0.444,0.420,-0.361,0.073,0.000,0.091,-0.306,4695,4404;
76463,-0.079,1.181,-0.210,-0.187,-0.186,0.044,0.000,0.091,-0.306,4798,4389;
76483,-0.361,1.203,0.307,-0.566,0.549,-0.389,0.000,0.091,-0.306,4803,4447;
76513,-0.256,1.320,0.342,-0.123,-0.333,-0.566,-0.091,-0.091,0.000,4752,4528;
76543,-0.102,0.978,0.101,0.779,0.588,-0.250,-0.091,-0.091,0.000,4858,4591;
76563,0.282,1.109,0.087,0.894,0.061,0.126,-0.091,-0.091,0.000,4830,4598;
76593,0.034,0.895,0.084,-0.076,0.171,0.227,0.000,0.000,-0.102,4826,4589;
76623,-0.218,1.023,-0.045,0.001,0.608,0.253,0.000,0.000,-0.102,4826,4579;
76653,-0.098,0.933,-0.045,0.136,0.788,0.278,0.000,-0.182,-0.204,4857,4577;
76673,0.072,0.760,-0.080,0.185,0.962,0.323,0.000,-0.182,-0.204,4906,4575;
76703,0.173,0.741,-0.084,-0.205,0.837,0.301,0.000,-0.182,-0.204,4973,4550;
76723,0.169,0.906,-0.143,-0.270,0.786,0.189,0.091,0.091,-0.408,5007,4500;
76753,0.143,0.872,-0.164,-0.131,0.696,0.090,0.091,0.091,-0.408,5051,4452;
76783,0.177,0.805,-0.192,-0.089,0.613,0.034,0.364,0.091,-0.102,5045,4418;
76813,0.275,0.872,-0.189,-0.175,0.340,-0.013,0.364,0.091,-0.102,5082,4378;
76833,0.267,0.959,-0.241,-0.044,0.137,-0.028,0.364,0.091,-0.102,5086,4358;
76863,0.226,0.869,-0.279,0.049,0.113,-0.092,0.091,0.273,-0.204,5105,4361;
76883,0.241,0.857,-0.244,-0.168,0.137,-0.113,0.091,0.273,-0.204,5102,4353;
76913,0.203,1.015,-0.255,-0.053,0.214,-0.123,0.182,0.000,-0.510,5065,4318;
76943,0.267,1.113,-0.300,0.087,0.251,-0.022,0.182,0.000,-0.510,4989,4276;
76963,0.482,1.166,-0.314,-0.045,-0.255,0.159,0.182,0.000,-0.510,4942,4230;
77003,0.361,1.215,-0.269,0.052,-0.335,0.255,0.000,0.000,-0.612,4882,4157;
77023,0.120,0.959,0.021,-0.108,-0.085,0.260,0.000,0.000,-0.612,4868,4152;
77053,-0.079,1.027,0.325,-0.670,0.289,0.433,-0.091,-0.091,-0.714,4902,4080;
77083,-0.301,1.440,0.147,-0.551,-0.747,0.517,-0.091,-0.091,-0.714,4912,4003;
77103,-0.263,1.639,-0.210,0.679,1.070,0.277,-0.091,-0.091,-0.714,4934,4006;
77133,0.008,0.951,0.042,0.141,0.227,-0.028,0.182,-0.091,-0.408,4971,4067;
77153,0.132,1.132,-0.112,0.270,0.159,-0.253,0.182,-0.091,-0.408,4963,4154;
77183,0.222,1.030,-0.122,0.168,-0.110,-0.290,0.091,-0.091,-0.612,4949,4180;
77213,0.166,0.944,-0.129,0.067,-0.378,-0.210,0.091,-0.091,-0.612,4943,4251;
77233,0.030,0.835,-0.105,0.073,-0.596,-0.266,0.091,-0.091,-0.612,4986,4335;
77263,0.000,0.752,-0.147,0.149,-0.460,-0.325,-0.182,0.091,-0.204,5029,4396;
77283,0.068,0.760,-0.119,-0.049,-0.466,-0.287,-0.182,0.091,-0.204,5047,4397;
77313,0.041,0.767,-0.122,-0.255,-0.517,-0.211,-0.182,0.091,-0.204,5055,4417;
77333,0.004,0.831,-0.185,-0.263,-0.498,-0.147,-0.091,-0.273,-0.204,5043,4401;
77363,0.038,0.857,-0.182,-0.101,-0.339,-0.066,-0.091,-0.273,-0.204,5028,4377;
77383,0.079,0.835,-0.182,-0.148,-0.344,0.016,-0.182,-0.273,-0.306,5001,4324;
77423,0.090,0.936,-0.258,0.118,-0.279,0.100,-0.182,-0.273,-0.306,4959,4299;
77443,0.169,0.963,-0.325,0.330,-0.384,0.148,-0.182,-0.273,-0.306,5020,4389;
77473,0.162,0.948,-0.286,0.107,-0.607,0.053,0.000,0.091,-0.816,5032,4425;
77493,0.128,0.948,-0.217,-0.406,-0.444,-0.033,0.000,0.091,-0.816,5018,4434;
77523,0.056,1.384,-0.510,-0.131,-0.697,-0.018,-0.182,0.000,0.000,4975,4420;
77543,0.087,1.440,-0.381,0.123,0.107,-0.126,-0.182,0.000,0.000,4935,4391;
77573,-0.049,1.245,-0.168,-0.154,-0.198,-0.266,-0.182,0.000,0.000,4941,4366;
77603,-0.230,1.173,0.073,-0.567,0.322,-0.593,0.091,0.000,-0.102,4915,4355;
77633,-0.218,1.324,0.206,0.310,0.136,-0.561,0.091,0.000,-0.102,4963,4416;
77653,0.049,1.060,0.182,0.667,-0.193,-0.114,-0.091,0.091,-0.612,4955,4475;
77683,0.184,1.199,0.112,0.709,-0.415,0.129,-0.091,0.091,-0.612,4957,4511;
77703,-0.120,0.985,0.056,0.205,0.056,0.176,-0.091,0.091,-0.612,4968,4531;
77733,-0.215,0.985,-0.010,0.057,0.410,0.242,0.091,-0.091,-0.306,5011,4555;
77763,-0.113,0.966,-0.014,0.140,0.724,0.277,0.091,-0.091,-0.306,5050,4572;
77783,0.064,0.790,0.014,0.154,0.773,0.329,0.091,-0.091,-0.306,5102,4574;
77813,0.173,0.756,-0.031,-0.195,0.744,0.276,0.000,-0.091,-0.204,5160,4555;
77843,0.139,0.869,-0.119,-0.199,0.773,0.152,0.000,-0.091,-0.204,5212,4516;
77863,0.105,0.854,-0.101,-0.092,0.704,0.064,0.000,0.000,0.408,5225,4469;
77893,0.136,0.823,-0.150,0.045,0.681,0.005,0.000,0.000,0.408,5226,4431;
77913,0.196,0.823,-0.157,-0.087,0.410,-0.078,0.000,0.000,0.408,5218,4377;
77943,0.218,0.963,-0.213,-0.046,0.209,-0.081,0.273,0.000,0.000,5197,4316;
77963,0.192,0.959,-0.279,0.130,0.206,-0.053,0.273,0.000,0.000,5190,4289;
77993,0.233,0.850,-0.279,0.016,0.061,-0.036,0.273,0.000,0.000,5195,4261;
78023,0.199,0.955,-0.248,-0.144,0.308,-0.066,0.000,0.091,-0.408,5158,4203;
78053,0.192,1.075,-0.248,-0.027,0.419,-0.074,0.000,0.091,-0.408,5115,4146;
78073,0.369,1.166,-0.293,0.163,0.074,0.114,0.000,0.364,-0.510,5053,4095;
78103,0.467,1.203,-0.328,0.204,-0.243,0.273,0.000,0.364,-0.510,5004,4043;
78123,0.331,1.162,-0.220,0.083,-0.056,0.268,0.000,0.364,-0.510,4970,3997;
78153,0.222,1.049,-0.035,-0.305,-0.024,0.236,-0.182,0.000,-0.510,4963,3973;
78173,-0.060,1.181,0.349,-0.675,0.193,0.404,-0.182,0.000,-0.510,4983,3922;
78203,-0.309,1.188,0.356,-0.549,-0.653,0.397,-0.091,0.182,-0.510,5011,3872;
78233,-0.290,1.504,-0.161,0.715,0.862,0.172,-0.091,0.182,-0.510,5087,3892;
78263,0.075,1.030,-0.017,0.243,0.357,-0.072,-0.091,0.182,-0.510,5122,3944;
78283,0.309,1.060,-0.119,0.242,-0.370,-0.106,-0.273,0.000,-0.204,5162,4032;
78313,0.233,0.951,-0.105,-0.056,-0.578,-0.135,-0.273,0.000,-0.204,5207,4134;
78333,0.075,0.925,-0.059,-0.001,-0.696,-0.194,-0.273,0.000,-0.306,5237,4221;
78363,-0.053,0.805,-0.080,0.103,-0.472,-0.289,-0.273,0.000,-0.306,5281,4303;
78393,-0.056,0.748,-0.084,0.085,-0.357,-0.304,-0.273,0.000,-0.306,5321,4374;
78423,0.015,0.793,-0.136,-0.076,-0.229,-0.308,0.091,0.000,-0.612,5282,4384;
78453,0.023,0.805,-0.157,-0.130,-0.062,-0.306,0.091,0.000,-0.612,5306,4361;
78473,0.034,0.820,-0.196,-0.114,0.008,-0.215,0.000,-0.091,-0.408,5276,4343;
78503,0.049,0.801,-0.185,-0.242,-0.097,-0.163,0.000,-0.091,-0.408,5250,4343;
78523,0.098,0.944,-0.251,-0.127,-0.216,-0.087,0.000,-0.091,-0.408,5221,4350;
78553,0.154,0.981,-0.297,0.169,-0.339,0.072,-0.091,-0.273,-0.102,5202,4320;
78583,0.188,0.850,-0.199,-0.013,-0.693,0.198,-0.091,-0.273,-0.102,5189,4468;
78603,0.128,0.959,-0.297,-0.369,-0.476,0.120,0.182,0.182,-0.306,5221,4506;
78633,0.053,1.444,-0.279,-0.158,-0.827,0.035,0.182,0.182,-0.306,5140,4501;
78663,0.023,1.320,-0.482,0.704,0.023,-0.013,0.182,0.182,-0.306,5097,4519;
78693,0.173,1.297,-0.203,-0.327,-0.180,-0.135,-0.091,-0.091,-0.204,5063,4506;
78713,-0.120,1.233,-0.108,-0.028,0.018,-0.232,-0.091,-0.091,-0.204,5060,4469;
78743,-0.256,1.207,0.251,-0.518,0.694,-0.586,-0.091,-0.091,-0.204,5074,4512;
78763,-0.079,1.196,0.238,0.488,0.084,-0.555,0.000,-0.091,-0.102,5086,4533;
78793,0.169,1.057,0.059,0.940,0.127,-0.262,0.000,-0.091,-0.102,5075,4550;
78813,0.230,0.914,0.122,0.407,-0.517,0.010,-0.091,-0.091,0.306,5044,4561;
78843,-0.098,0.933,0.021,-0.070,-0.081,0.047,-0.091,-0.091,0.306,5039,4563;
78873,-0.117,1.060,0.000,0.085,0.242,0.113,-0.091,-0.091,0.306,5010,4576;
78893,-0.030,1.011,-0.024,0.263,0.438,0.182,-0.091,0.091,-0.204,5028,4574;
78923,0.079,0.778,-0.010,0.081,0.393,0.209,-0.091,0.091,-0.204,5044,4578;
78943,0.090,0.846,-0.101,0.038,0.472,0.192,-0.091,0.000,-0.816,5049,4590;
78973,0.049,0.857,-0.119,-0.044,0.636,0.157,-0.091,0.000,-0.816,5058,4573;
79003,0.075,0.831,-0.140,-0.068,0.650,0.107,-0.091,0.000,-0.816,5063,4551;
79033,0.139,0.808,-0.143,-0.183,0.525,0.046,0.091,0.000,-0.204,5039,4502;
79053,0.166,0.940,-0.210,-0.046,0.391,0.010,0.091,0.000,-0.204,5046,4430;
79083,0.147,0.921,-0.217,0.103,0.293,0.053,0.182,-0.364,-0.306,5044,4363;
79103,0.154,0.917,-0.293,0.442,0.352,0.096,0.182,-0.364,-0.306,5044,4320;
79133,0.218,0.857,-0.265,0.339,0.160,0.113,0.182,-0.364,-0.306,5032,4286;
79153,0.188,0.940,-0.304,0.153,0.176,0.035,0.000,0.182,0.306,5018,4261;
79183,0.230,1.019,-0.353,0.033,0.378,0.013,0.000,0.182,0.306,4819,4229;
79213,0.414,1.075,-0.332,-0.250,-0.025,0.103,0.000,0.182,0.306,4860,4170;
79243,0.260,1.218,-0.356,-0.070,0.012,0.147,-0.182,-0.091,-0.510,4825,4068;
79263,0.275,1.196,-0.157,-0.144,0.169,0.170,-0.182,-0.091,-0.510,4844,4039;
79293,0.192,1.042,0.108,-0.555,0.562,0.222,0.000,-0.091,-0.510,4870,4010;
79313,0.015,1.256,0.499,-0.847,-0.682,0.399,0.000,-0.091,-0.510,4918,4013;
79343,-0.365,1.564,-0.210,0.033,-0.034,0.211,0.000,-0.091,-0.510,4939,4054;
79363,-0.090,1.324,-0.077,0.697,0.280,-0.046,0.000,0.182,-0.408,4985,4141;
79393,0.184,1.064,-0.094,0.527,0.029,-0.168,0.000,0.182,-0.408,5000,4226;
79423,0.320,0.914,-0.073,0.227,-0.509,-0.127,0.000,0.182,-0.408,5007,4287;
79453,0.120,0.884,-0.122,-0.001,-0.545,-0.154,0.091,0.000,-0.306,4982,4352;
79473,-0.075,0.842,-0.105,0.147,-0.463,-0.206,0.091,0.000,-0.306,5007,4406;
79503,-0.045,0.737,-0.066,0.142,-0.358,-0.215,0.091,0.091,-0.204,4908,4452;
79533,0.004,0.699,-0.077,-0.093,-0.248,-0.223,0.091,0.091,-0.204,5025,4456;
79553,0.090,0.850,-0.136,-0.033,-0.259,-0.138,0.091,0.091,-0.204,5034,4428;
79583,0.019,0.763,-0.147,-0.117,-0.446,-0.123,-0.091,-0.182,-0.714,5063,4394;
79603,0.015,0.763,-0.182,-0.255,-0.183,-0.098,-0.091,-0.182,-0.714,4920,4355;
79643,0.169,0.929,-0.227,0.039,-0.152,0.046,-0.091,0.091,0.000,5046,4285;
79673,0.192,0.951,-0.231,0.141,-0.229,0.053,-0.091,0.091,0.000,5023,4288;
79693,0.056,0.963,-0.318,0.199,-0.277,-0.045,-0.091,-0.091,-0.306,5006,4306;
79723,0.203,0.959,-0.255,-0.237,-0.283,-0.058,-0.091,-0.091,-0.306,4985,4341;
79743,0.158,1.290,-0.402,-0.387,-0.850,-0.023,-0.091,-0.091,-0.306,4917,4353;
79773,0.079,1.309,-0.517,0.302,-0.325,0.119,0.182,0.000,0.204,4912,4380;
79793,0.041,1.286,-0.304,-0.487,-0.098,-0.086,0.182,0.000,0.204,4872,4381;
79823,-0.038,1.463,-0.115,0.129,-0.078,-0.113,0.182,0.000,0.204,4866,4402;
79853,-0.331,0.842,0.217,-0.444,-0.208,-0.494,0.091,-0.091,-0.612,4911,4522;
79883,-0.143,1.361,0.279,-0.210,0.471,-0.626,0.091,-0.091,-0.612,4953,4597;
79903,0.075,1.166,0.182,0.996,0.087,-0.052,0.000,0.000,-0.102,4911,4576;
79933,0.158,1.113,0.042,0.681,-0.375,0.198,0.000,0.000,-0.102,4889,4567;
79953,-0.083,0.944,0.035,-0.056,-0.033,0.244,0.000,0.000,-0.102,4861,4578;
79983,-0.087,1.068,-0.014,-0.234,0.272,0.271,-0.273,-0.182,-0.204,4926,4592;
80003,-0.030,0.978,0.021,-0.047,0.437,0.262,-0.273,-0.182,-0.204,4962,4612;
80033,0.015,0.887,0.000,0.151,0.457,0.296,-0.182,0.273,-0.714,5002,4628;
80063,0.068,0.726,-0.063,-0.121,0.548,0.273,-0.182,0.273,-0.714,5074,4612;
80093,0.105,0.805,-0.119,-0.121,0.724,0.151,-0.182,0.273,-0.714,5107,4572;
80123,0.117,0.808,-0.115,-0.086,0.650,-0.006,0.091,-0.182,-0.714,5125,4522;
80143,0.181,0.793,-0.143,-0.011,0.523,-0.087,0.091,-0.182,-0.714,5121,4469;
80173,0.230,0.865,-0.185,-0.018,0.301,-0.046,-0.182,1.000,0.204,5103,4398;
80193,0.241,0.974,-0.286,0.288,0.110,0.008,-0.182,1.000,0.204,5079,4345;
80223,0.207,0.850,-0.231,0.327,-0.046,-0.083,-0.182,1.000,0.204,5081,4257;
80263,0.196,0.948,-0.269,0.027,-0.074,-0.075,0.000,-0.091,1.327,5042,4213;
80283,0.188,0.996,-0.283,0.079,0.153,-0.017,0.000,-0.091,1.327,4974,4163;
80313,0.350,1.053,-0.297,-0.304,0.019,0.090,0.000,0.091,-0.612,4905,4087;
80333,0.437,1.256,-0.388,0.143,-0.246,0.210,0.000,0.091,-0.612,4838,3931;
80363,0.369,1.260,-0.304,0.221,-0.130,0.229,0.000,0.091,-0.612,4737,3928;
80383,0.245,1.102,-0.185,-0.227,-0.035,0.175,-0.091,0.909,1.224,4753,3903;
80413,0.128,1.113,0.283,-0.597,0.389,0.390,-0.091,0.909,1.224,4837,3874;
80443,-0.128,1.372,0.395,-0.611,-1.206,0.430,-0.091,0.909,1.224,4885,3883;
80473,-0.331,1.538,-0.227,0.641,0.948,0.191,0.000,-0.182,-0.408,4844,3916;
80493,-0.079,1.087,0.038,0.293,0.055,-0.069,0.000,-0.182,-0.408,4873,4014;
80523,0.192,0.981,-0.052,0.311,-0.057,-0.159,0.000,0.091,-0.510,4879,4143;
80543,0.177,0.978,-0.122,-0.038,-0.364,-0.221,0.000,0.091,-0.510,4885,4261;
80573,0.083,0.963,-0.059,0.102,-0.500,-0.226,0.000,0.091,-0.510,4845,4365;
80603,-0.041,0.827,-0.049,0.168,-0.562,-0.272,0.000,-0.545,-1.429,4909,4458;
80623,-0.045,0.752,-0.052,0.101,-0.455,-0.279,0.000,-0.545,-1.429,4939,4493;
80653,-0.038,0.729,-0.059,-0.108,-0.331,-0.293,0.000,0.000,-0.408,4932,4463;
80683,0.019,0.816,-0.150,-0.225,-0.350,-0.233,0.000,0.000,-0.408,4943,4433;
80703,0.041,0.820,-0.182,-0.112,-0.171,-0.153,0.000,0.000,-0.408,4907,4342;
80733,0.102,0.842,-0.164,-0.051,-0.239,-0.093,-0.091,-0.091,-0.612,4925,4361;
80753,0.094,0.876,-0.213,-0.028,-0.266,-0.010,-0.091,-0.091,-0.612,4909,4329;
80783,0.109,0.959,-0.328,0.380,-0.284,0.104,-0.273,-1.000,-1.939,4912,4316;
80803,0.162,0.876,-0.325,0.319,-0.407,0.097,-0.273,-1.000,-1.939,4917,4336;
80833,0.199,0.944,-0.332,-0.062,-0.713,0.070,-0.273,-1.000,-1.939,4914,4373;
80863,0.275,1.045,-0.251,-0.365,-0.918,0.047,-0.273,0.000,0.000,4858,4412;
80893,0.000,1.331,-0.513,0.348,-0.643,0.086,-0.273,0.000,0.000,4710,4465;
80913,-0.026,1.267,-0.262,-0.232,-0.396,-0.117,-0.091,0.182,0.510,4852,4502;
80943,-0.087,1.403,-0.108,-0.072,0.316,-0.251,-0.091,0.182,0.510,4860,4505;
80963,-0.335,1.354,0.482,-0.688,0.364,-0.772,-0.091,0.182,0.510,4853,4504;
80993,-0.151,1.196,0.098,1.478,0.301,-0.226,-0.273,0.182,-0.204,4884,4570;
81013,0.147,0.910,0.126,0.956,-0.317,0.115,-0.273,0.182,-0.204,4885,4636;
81043,0.083,1.030,-0.024,0.584,0.195,0.266,-0.273,0.182,-0.204,4909,4666;
81073,-0.049,0.880,0.087,-0.231,0.212,0.238,0.000,0.091,-0.612,4966,4644;
81103,-0.113,0.996,0.077,-0.175,0.525,0.192,0.000,0.091,-0.612,4988,4646;
81123,-0.041,0.955,0.024,0.209,0.758,0.197,-0.091,0.182,0.000,4930,4631;
81153,0.102,0.775,-0.063,-0.019,0.606,0.254,-0.091,0.182,0.000,5020,4623;
81183,0.147,0.857,-0.112,-0.239,0.495,0.229,-0.091,0.182,0.000,5068,4615;
81203,0.083,0.880,-0.122,-0.267,0.620,0.154,-0.182,-0.091,0.408,5099,4589;
81233,0.154,0.846,-0.098,-0.174,0.486,0.109,-0.182,-0.091,0.408,5120,4551;
81253,0.147,0.797,-0.136,-0.182,0.341,0.041,0.091,0.000,-0.102,5149,4495;
81283,0.162,0.887,-0.210,-0.121,0.300,-0.007,0.091,0.000,-0.102,5155,4447;
81313,0.218,0.963,-0.244,-0.040,0.086,0.041,0.091,0.000,-0.102,5174,4382;
81333,0.237,0.933,-0.269,0.168,0.058,0.057,0.000,-0.182,0.000,5195,4347;
81363,0.188,0.808,-0.251,0.055,0.109,-0.068,0.000,-0.182,0.000,5196,4317;
81383,0.188,0.884,-0.234,-0.135,0.263,-0.068,0.000,-0.182,0.000,5110,4230;
81413,0.271,1.102,-0.269,-0.038,0.406,0.039,-0.091,-0.273,-0.306,5097,4160;
81433,0.324,1.113,-0.311,-0.045,0.300,0.052,-0.091,-0.273,-0.306,4930,4113;
81463,0.391,1.143,-0.381,0.006,-0.004,0.069,0.182,-0.091,0.000,4997,4045;
81493,0.312,1.166,-0.370,0.193,0.285,0.120,0.182,-0.091,0.000,4902,3948;
81523,0.297,1.132,-0.143,-0.135,-0.036,0.144,0.182,-0.091,0.000,4933,3929;
81543,0.109,0.914,0.073,-0.460,0.402,0.222,0.000,0.091,-0.408,4952,3829;
81573,-0.215,1.049,0.465,-0.760,-0.110,0.464,0.000,0.091,-0.408,5029,3812;
81593,-0.252,1.399,0.234,-0.127,-0.191,0.425,-0.091,0.091,-0.306,5009,3778;
81623,-0.120,1.297,-0.171,0.694,0.684,0.019,-0.091,0.091,-0.306,5019,3779;
81643,0.117,1.027,-0.073,0.164,-0.072,-0.257,-0.091,0.091,-0.306,5017,3799;
81683,0.237,1.121,-0.185,0.401,-0.107,-0.285,-0.182,0.182,-0.204,4990,3842;
81713,0.199,1.004,-0.143,0.112,-0.464,-0.259,-0.182,0.182,-0.204,5003,3939;
81733,0.026,0.808,-0.091,0.029,-0.686,-0.325,0.000,0.000,-0.306,5025,4060;
81763,-0.008,0.771,-0.129,0.132,-0.498,-0.370,0.000,0.000,-0.306,5058,4173;
81783,0.015,0.684,-0.133,-0.106,-0.464,-0.340,0.000,0.000,-0.306,5074,4223;
81813,0.083,0.771,-0.157,-0.229,-0.520,-0.262,-0.273,0.000,-0.204,5075,4229;
81833,0.064,0.823,-0.199,-0.199,-0.391,-0.170,-0.273,0.000,-0.204,5066,4207;
81873,0.087,0.816,-0.189,-0.106,-0.418,-0.038,-0.273,0.000,-0.204,5045,4165;
81893,0.064,0.936,-0.262,0.044,-0.404,0.025,0.273,-0.364,-0.612,4979,4141;
81923,0.207,1.019,-0.342,0.346,-0.483,0.141,0.273,-0.364,-0.612,4986,4136;
81953,0.222,0.985,-0.356,0.397,-0.679,0.100,0.000,0.273,0.000,4969,4190;
81973,0.105,0.914,-0.276,-0.034,-0.705,0.058,0.000,0.273,0.000,4979,4302;
82003,0.105,0.921,-0.238,-0.550,-1.105,0.018,0.000,0.273,0.000,4948,4322;
82023,-0.075,1.583,-0.517,0.226,-0.008,-0.103,0.000,0.091,-0.306,4926,4285;
82053,-0.049,1.245,-0.189,-0.069,0.289,-0.261,0.000,0.091,-0.306,4921,4274;
82083,-0.169,1.147,-0.028,-0.512,0.642,-0.535,0.091,-0.091,-1.020,4940,4313;
82113,-0.011,1.241,0.136,0.338,-0.027,-0.471,0.091,-0.091,-1.020,4954,4432;
82133,0.011,0.880,0.227,0.384,-0.316,-0.195,0.091,-0.091,-1.020,4989,4542;
82163,0.143,1.151,0.108,0.404,-0.290,0.011,-0.182,0.000,0.306,4994,4595;
82183,0.023,1.019,0.143,0.107,-0.333,0.115,-0.182,0.000,0.306,4990,4580;
82213,-0.245,1.079,-0.031,0.260,0.242,0.183,0.091,-0.091,-0.306,4976,4585;
82233,-0.090,0.966,-0.035,0.176,0.497,0.268,0.091,-0.091,-0.306,5032,4590;
82263,0.038,0.899,-0.021,0.067,0.699,0.340,0.091,-0.091,-0.306,5088,4566;
82293,0.113,0.816,0.003,-0.100,0.829,0.307,0.182,0.000,0.000,5139,4557;
82323,0.094,0.906,-0.063,-0.188,0.748,0.214,0.182,0.000,0.000,5195,4532;
82343,0.041,0.880,-0.094,-0.068,0.837,0.129,-0.091,0.364,-0.306,5217,4503;
82373,0.072,0.801,-0.080,-0.007,0.976,0.044,-0.091,0.364,-0.306,5219,4453;
82393,0.173,0.850,-0.129,-0.059,0.878,-0.017,-0.091,0.364,-0.306,5193,4379;
82423,0.196,0.884,-0.189,-0.050,0.804,-0.101,0.000,-0.091,-0.408,5160,4305;
82453,0.233,0.891,-0.234,-0.021,0.579,-0.100,0.000,-0.091,-0.408,5136,4242;
82473,0.271,0.936,-0.290,0.259,0.410,-0.049,0.000,-0.091,-0.408,5107,4202;
82513,0.335,0.861,-0.290,0.210,0.260,-0.058,0.091,0.000,-0.408,4941,4119;
82533,0.339,1.004,-0.258,-0.166,0.171,-0.023,0.091,0.000,-0.408,5008,4144;
82563,0.282,1.132,-0.290,-0.107,-0.181,-0.041,0.182,-0.182,-0.306,4943,4133;
82583,0.391,1.181,-0.300,-0.057,-0.325,0.106,0.182,-0.182,-0.306,4871,4116;
82613,0.256,1.260,-0.276,0.047,-0.322,0.253,0.182,-0.182,-0.306,4815,4041;
82633,0.102,1.290,0.021,-0.323,0.407,0.484,0.000,0.000,0.000,4781,3909;
82663,0.030,1.305,0.412,-0.903,-0.449,0.437,0.000,0.000,0.000,4808,3841;
82693,-0.425,1.215,0.021,-0.306,0.098,0.166,-0.182,0.000,-0.102,4893,3827;
82723,-0.030,1.124,0.035,0.452,0.168,-0.087,-0.182,0.000,-0.102,4901,3862;
82743,0.196,1.121,-0.154,0.364,0.423,-0.263,-0.182,0.000,-0.102,4930,3905;
82773,0.350,1.038,-0.052,0.068,-0.395,-0.239,0.091,0.182,-0.204,4924,3978;
82793,0.132,1.004,-0.080,0.075,-0.623,-0.266,0.091,0.182,-0.204,4929,4058;
82823,-0.105,0.846,-0.105,0.164,-0.432,-0.336,0.000,-0.091,0.102,4903,4148;
82843,-0.038,0.786,-0.084,0.114,-0.488,-0.329,0.000,-0.091,0.102,4965,4233;
82873,0.011,0.756,-0.101,0.029,-0.384,-0.323,0.000,-0.091,0.102,4982,4280;
82893,0.053,0.797,-0.112,-0.056,-0.472,-0.282,-0.273,-0.091,-0.612,4974,4318;
82933,0.060,0.808,-0.164,-0.056,-0.483,-0.199,-0.273,-0.091,-0.612,4958,4296;
82953,0.026,0.835,-0.171,0.069,-0.412,-0.032,-0.091,0.000,-0.102,4976,4257;
82983,0.060,0.876,-0.192,0.104,-0.569,0.089,-0.091,0.000,-0.102,4964,4228;
83003,0.060,0.869,-0.276,0.220,-0.539,0.134,-0.091,0.000,-0.102,4948,4220;
83033,0.203,0.936,-0.360,0.271,-0.657,0.197,0.091,0.000,-0.306,4882,4227;
83053,0.192,0.966,-0.342,0.041,-0.668,0.005,0.091,0.000,-0.306,4906,4248;
83083,0.026,1.057,-0.178,-0.062,-0.359,0.007,0.091,0.000,-0.306,4892,4256;
83113,-0.023,1.117,-0.468,-0.012,-0.957,0.058,0.182,-0.091,-0.102,4854,4266;
83143,0.008,1.481,-0.468,0.375,0.544,-0.175,0.182,-0.091,-0.102,4796,4278;
83173,0.015,1.169,-0.112,-0.108,-0.206,-0.322,0.091,-0.182,-0.102,4781,4289;
83193,-0.162,1.154,0.105,-0.518,0.628,-0.596,0.091,-0.182,-0.102,4776,4369;
83223,-0.053,1.316,0.279,-0.022,-0.294,-0.731,0.091,-0.182,-0.102,4787,4465;
83243,-0.143,1.109,0.175,0.648,0.169,-0.307,0.182,0.182,-0.306,4806,4520;
83273,0.064,1.128,0.031,0.827,0.151,0.078,0.182,0.182,-0.306,4810,4541;
83303,-0.015,0.974,0.091,0.231,0.050,0.266,0.091,0.182,-0.102,4818,4505;
83323,-0.079,1.049,-0.070,0.083,0.352,0.313,0.091,0.182,-0.102,4858,4454;
83353,0.015,0.989,-0.049,0.103,0.460,0.310,0.091,0.182,-0.102,4906,4454;
83383,0.068,0.823,-0.056,0.104,0.533,0.351,0.091,-0.091,-0.204,4959,4452;
83403,0.102,0.797,-0.042,-0.144,0.442,0.321,0.091,-0.091,-0.204,4992,4433;
83433,0.038,0.887,-0.098,-0.135,0.499,0.203,0.091,0.091,-0.102,5006,4386;
83453,0.019,0.835,-0.112,-0.095,0.742,0.072,0.091,0.091,-0.102,5022,4378;
83483,0.098,0.839,-0.098,-0.102,0.616,0.040,0.091,0.091,-0.102,5038,4360;
83513,0.203,0.891,-0.154,-0.056,0.338,0.000,0.273,-0.273,-0.306,5038,4346;
83533,0.203,0.876,-0.238,-0.058,0.285,-0.112,0.273,-0.273,-0.306,5029,4345;
83563,0.211,0.869,-0.279,-0.130,0.407,-0.159,0.273,-0.273,-0.306,5090,4320;
83583,0.218,0.876,-0.255,-0.311,0.329,-0.100,0.273,-0.273,-0.306,5090,4285;
83613,0.271,0.925,-0.272,-0.090,0.470,-0.001,0.273,-0.273,-0.306,5090,4273;
83643,0.233,0.884,-0.185,-0.376,0.045,-0.068,0.000,0.182,-0.102,5076,4256;
83663,0.373,1.113,-0.258,-0.205,0.149,-0.028,0.000,0.182,-0.102,5041,4249;
83693,0.444,1.184,-0.272,-0.066,-0.194,0.144,0.000,0.182,-0.102,4999,4218;
83713,0.222,1.169,-0.342,0.049,-0.321,0.244,0.091,-0.182,-0.204,4948,4125;
83743,0.237,1.241,-0.325,0.051,-0.171,0.291,0.091,-0.182,-0.204,4864,4026;
83816,0.256,1.121,-0.059,-0.243,0.007,0.301,-0.091,-0.091,-0.408,4871,3911;
83817,0.045,1.166,0.440,-0.800,-0.443,0.436,-0.091,-0.091,-0.408,4927,3863;
83818,-0.373,1.312,0.101,-0.391,-0.686,0.392,-0.091,-0.091,-0.408,4994,3863;
83843,-0.282,1.369,-0.021,0.429,0.256,0.261,-0.091,-0.091,-0.204,5052,3922;
83873,-0.045,1.057,-0.056,0.186,0.305,-0.090,-0.091,-0.091,-0.204,5100,3987;
83893,0.139,1.072,-0.045,0.225,-0.058,-0.157,-0.091,-0.091,-0.204,5081,4058;
83923,0.181,0.985,-0.077,0.034,-0.376,-0.163,0.000,0.091,-0.408,5062,4133;
83953,0.041,0.884,-0.080,0.057,-0.514,-0.200,0.000,0.091,-0.408,5061,4220;
83983,0.008,0.857,-0.112,0.181,-0.509,-0.248,0.000,-0.273,-0.408,5072,4290;
84003,0.038,0.782,-0.122,0.160,-0.510,-0.249,0.000,-0.273,-0.408,5087,4318;
84033,0.105,0.831,-0.119,0.033,-0.544,-0.202,0.000,-0.273,-0.408,5101,4317;
84053,0.064,0.842,-0.161,-0.017,-0.505,-0.198,0.091,0.273,-0.408,5104,4303;
84083,0.030,0.823,-0.168,-0.017,-0.429,-0.161,0.091,0.273,-0.408,5092,4287;
84113,0.041,0.854,-0.189,-0.004,-0.331,-0.068,0.091,-0.182,-0.306,5043,4265;
84143,0.075,0.861,-0.196,0.046,-0.384,0.066,0.091,-0.182,-0.306,5046,4237;
84173,0.158,0.985,-0.318,0.491,-0.436,0.192,0.091,-0.182,-0.306,5021,4265;
84193,0.136,0.880,-0.293,0.430,-0.681,0.174,0.182,-0.091,-0.204,5023,4317;
84223,0.154,0.955,-0.346,0.110,-0.764,0.090,0.182,-0.091,-0.204,5033,4392;
84243,0.211,1.027,-0.290,-0.440,-1.056,0.007,-0.091,0.000,-0.408,5009,4402;
84273,0.034,1.391,-0.503,0.318,-0.325,0.029,-0.091,0.000,-0.408,4975,4407;
84303,-0.019,1.151,-0.182,-0.369,-0.040,-0.127,-0.091,0.000,-0.408,4967,4388;
84333,-0.218,1.230,-0.017,-0.289,0.250,-0.364,0.182,-0.091,-0.102,4982,4405;
84353,-0.256,1.421,0.286,-0.550,0.163,-0.839,0.182,-0.091,-0.102,4956,4488;
84383,-0.079,1.252,0.161,0.874,0.330,-0.280,0.091,0.455,-0.102,4987,4559;
84403,0.215,1.075,0.101,0.716,-0.482,0.131,0.091,0.455,-0.102,4981,4612;
84433,-0.023,0.959,0.056,0.460,0.067,0.253,0.091,0.455,-0.102,4986,4638;
84453,-0.166,0.981,0.038,-0.036,0.358,0.261,0.091,-0.091,-0.102,4970,4647;
84483,-0.113,1.053,0.014,0.064,0.676,0.268,0.091,-0.091,-0.102,5028,4645;
84513,-0.026,1.004,0.024,0.267,0.886,0.289,0.091,-0.091,-0.102,5072,4628;
84543,0.075,0.805,0.042,0.069,0.908,0.271,-0.182,0.182,-0.408,5123,4594;
84563,0.068,0.884,-0.038,-0.158,0.957,0.164,-0.182,0.182,-0.408,5150,4556;
84593,0.023,0.880,-0.070,-0.209,1.209,0.049,0.000,0.000,-0.408,5209,4496;
84613,0.117,0.906,-0.080,-0.075,1.247,0.030,0.000,0.000,-0.408,5228,4422;
84643,0.196,0.857,-0.091,-0.047,0.959,0.005,0.000,0.000,-0.408,5238,4345;
84663,0.215,0.880,-0.150,-0.084,0.752,-0.068,0.000,0.091,-0.102,5204,4286;
84693,0.211,0.974,-0.231,-0.075,0.637,-0.090,0.000,0.091,-0.102,5249,4218;
84713,0.211,1.023,-0.272,0.279,0.738,-0.056,0.000,0.091,-0.102,5240,4106;
84743,0.203,0.865,-0.258,0.402,0.725,-0.152,0.000,-0.091,-0.204,5183,4102;
84773,0.263,0.786,-0.241,0.108,0.576,-0.229,0.000,-0.091,-0.204,5162,4096;
84803,0.339,1.027,-0.238,0.002,0.392,-0.160,-0.182,-0.091,-0.408,5156,4060;
84823,0.320,1.019,-0.231,0.316,0.294,-0.091,-0.182,-0.091,-0.408,5113,4047;
84853,0.339,0.914,-0.192,0.123,-0.017,0.018,-0.182,-0.091,-0.408,5086,4045;
84873,0.320,0.951,-0.217,0.268,-0.194,0.165,-0.091,0.000,-0.102,5038,4045;
84903,0.162,0.891,-0.199,0.491,0.308,0.233,-0.091,0.000,-0.102,5053,4072;
84933,0.151,0.778,-0.007,0.240,-0.148,0.335,0.000,0.636,1.327,5031,4082;
84963,-0.075,1.722,0.251,-0.532,-0.183,0.463,0.000,0.636,1.327,4901,3984;
84983,-0.068,1.921,0.028,0.522,-0.348,0.435,0.000,0.636,1.327,4813,3926;
85013,-0.407,1.023,-0.087,0.225,0.135,0.029,0.091,0.000,-0.408,4828,3930;
85033,0.011,1.387,-0.248,0.525,0.219,-0.069,0.091,0.000,-0.408,4824,3986;
85063,0.241,1.158,-0.098,0.161,-0.228,-0.027,0.182,-0.091,-0.204,4833,4042;
85083,0.090,0.936,-0.024,-0.131,-0.418,-0.036,0.182,-0.091,-0.204,4889,4101;
85113,-0.026,0.869,0.000,0.188,-0.896,-0.057,0.182,-0.091,-0.204,4942,4153;
85143,-0.090,0.782,-0.070,0.329,-0.393,-0.222,-0.091,0.000,-0.204,4944,4194;
85163,-0.049,0.816,-0.084,0.085,-0.647,-0.175,-0.091,0.000,-0.204,4939,4163;
85193,-0.064,0.933,-0.098,0.079,-0.512,-0.053,-0.091,0.000,-0.204,4908,4136;
85213,-0.102,1.008,-0.101,0.397,-0.240,-0.005,0.000,-0.091,-0.102,4883,4102;
85243,-0.053,0.914,-0.017,0.064,-0.493,0.024,0.000,-0.091,-0.102,4877,4083;
85263,-0.034,0.902,-0.052,0.042,-0.436,0.007,0.091,-0.091,-0.102,4884,4077;
85293,-0.004,0.959,-0.115,0.219,-0.251,0.058,0.091,-0.091,-0.102,4894,4062;
85323,-0.030,0.940,-0.091,0.061,-0.259,0.057,0.091,-0.091,-0.102,4895,4044;
85353,-0.041,0.929,-0.059,-0.236,-0.260,-0.044,-0.091,0.091,-0.204,4881,4002;
85373,0.000,1.038,-0.087,0.055,-0.176,-0.027,-0.091,0.091,-0.204,4876,4039;
85403,0.000,0.895,-0.119,0.023,-0.189,-0.008,0.000,0.000,-0.102,4879,4035;
85433,-0.011,0.899,-0.119,-0.210,-0.056,-0.073,0.000,0.000,-0.102,4880,3964;
85453,-0.030,0.985,-0.098,-0.361,-0.011,-0.159,0.000,0.000,-0.102,4878,4016;
85483,0.004,1.072,-0.154,0.019,0.372,-0.200,0.000,0.182,0.000,4830,4004;
85503,0.034,1.049,-0.133,-0.021,0.223,-0.260,0.000,0.182,0.000,4829,3994;
85543,0.008,1.278,-0.217,0.144,0.426,-0.168,0.364,0.727,-0.714,4764,3970;
85573,0.060,0.966,-0.192,-0.042,0.217,-0.066,0.364,0.727,-0.714,4761,3962;
85593,0.102,0.895,-0.178,-0.197,0.178,-0.052,0.364,0.727,-0.714,4808,3981;
85623,0.083,0.966,-0.171,-0.015,0.279,-0.062,-0.182,0.091,0.102,4828,3996;
85643,0.090,0.978,-0.178,0.034,0.300,-0.027,-0.182,0.091,0.102,4822,3998;
85673,0.158,0.985,-0.196,0.023,0.202,0.006,0.091,-0.091,-0.204,4810,3991;
85693,0.162,0.993,-0.185,-0.092,0.115,0.000,0.091,-0.091,-0.204,4799,3977;
85723,0.154,1.019,-0.175,-0.066,-0.016,0.028,0.091,-0.091,-0.204,4781,3961;
85753,0.139,1.008,-0.199,0.039,-0.093,0.069,0.455,0.000,-0.612,4758,3961;
85773,0.132,0.974,-0.199,0.029,-0.185,0.104,0.455,0.000,-0.612,4769,3966;
85803,0.132,0.985,-0.213,0.025,-0.180,0.113,0.455,0.000,-0.612,4773,3968;
85823,0.109,0.978,-0.185,-0.022,-0.205,0.087,-0.091,0.000,-0.204,4775,3966;
85853,0.098,1.000,-0.189,0.055,-0.178,0.089,-0.091,0.000,-0.204,4772,3962;
85873,0.102,0.993,-0.185,0.063,-0.206,0.104,0.091,0.000,-0.408,4767,3960;
85903,0.113,0.989,-0.196,0.057,-0.210,0.110,0.091,0.000,-0.408,4764,3962;
85933,0.105,0.989,-0.189,0.016,-0.231,0.102,0.091,0.000,-0.408,4755,3959;
85953,0.079,1.008,-0.189,0.039,-0.227,0.096,0.273,-0.091,-1.531,4753,3966;
85983,0.087,1.008,-0.185,0.068,-0.153,0.085,0.273,-0.091,-1.531,4764,3963;
86013,0.087,0.981,-0.175,0.030,-0.175,0.085,-0.182,0.091,-0.408,4768,3988;
86033,0.098,0.996,-0.171,0.015,-0.185,0.068,-0.182,0.091,-0.408,4772,3995;
86063,0.083,0.989,-0.175,0.021,-0.148,0.045,-0.182,0.091,-0.408,4772,3999;
86083,0.064,1.000,-0.175,0.024,-0.109,0.029,0.182,0.364,-0.306,4775,4001;
86113,0.072,1.000,-0.178,0.022,-0.067,0.023,0.182,0.364,-0.306,4774,4001;
86133,0.072,0.993,-0.178,0.021,-0.036,0.011,0.182,0.364,-0.306,4750,4001;
86163,0.098,0.993,-0.171,0.032,-0.023,0.001,0.091,0.364,1.020,4766,4009;
86193,0.094,0.996,-0.185,0.025,-0.033,-0.001,0.091,0.364,1.020,4782,3996;
86213,0.090,0.996,-0.185,0.023,0.005,-0.008,0.000,-0.091,0.408,4694,3991;
86243,0.087,0.993,-0.185,0.015,-0.005,-0.006,0.000,-0.091,0.408,4783,4014;
86263,0.090,0.993,-0.196,0.021,0.004,-0.007,0.000,-0.091,0.408,4785,4012;
