61919,0.094,1.000,-0.031,0.090,0.195,-0.029,-0.182,0.091,-0.102,5695,5177;
61929,0.087,0.996,-0.035,0.091,0.211,-0.029,-0.182,0.091,-0.102,5686,5183;
61940,0.102,1.015,-0.035,0.092,0.229,-0.030,0.000,0.273,-0.102,5685,5186;
61951,0.094,1.008,-0.031,0.085,0.222,-0.029,0.000,0.273,-0.102,5681,5168;
61952,0.087,0.996,-0.045,0.083,0.219,-0.032,-0.182,-0.091,-0.816,5685,5183;
61953,0.094,1.019,-0.024,0.083,0.223,-0.030,-0.182,-0.091,-0.816,5681,5183;
61954,0.075,1.000,-0.042,0.087,0.234,-0.029,-0.182,-0.091,-0.816,5683,5163;
61983,0.087,1.004,-0.021,0.086,0.227,-0.024,0.182,0.182,0.000,5688,5185;
62013,0.094,0.996,-0.045,0.087,0.222,-0.027,0.182,0.182,0.000,5690,5179;
62095,0.105,1.011,-0.035,0.083,0.220,-0.028,0.182,0.182,0.000,5675,5175;
62106,0.098,1.000,-0.035,0.075,0.225,-0.032,0.182,0.182,0.000,5669,5154;
62115,0.090,0.996,-0.035,0.074,0.215,-0.027,0.091,-0.091,-0.510,5676,5175;
62143,0.098,1.011,-0.028,0.084,0.219,-0.023,0.091,-0.091,-0.510,5681,5165;
62163,0.087,0.996,-0.045,0.080,0.210,-0.021,0.091,0.364,-0.306,5689,5186;
62193,0.102,1.004,-0.045,0.084,0.211,-0.023,0.091,0.364,-0.306,5686,5165;
62223,0.120,1.023,-0.035,0.083,0.208,-0.023,-0.273,0.000,-0.816,5681,5177;
62253,0.087,0.996,-0.042,0.073,0.208,-0.022,-0.273,0.000,-0.816,5688,5168;
62283,0.083,0.993,-0.038,0.084,0.212,-0.028,-0.273,0.000,-0.816,5679,5167;
62323,0.083,0.989,-0.042,0.061,0.222,-0.022,0.091,0.000,-0.204,5682,5153;
62353,0.113,1.008,-0.028,0.076,0.210,-0.023,0.091,0.000,-0.204,5685,5168;
62383,0.098,0.996,-0.038,0.070,0.187,-0.024,0.000,0.182,-0.918,5687,5176;
62413,0.087,1.000,-0.045,0.067,0.204,-0.027,0.000,0.182,-0.918,5684,5170;
62433,0.102,1.008,-0.038,0.076,0.219,-0.030,-0.273,0.091,-0.102,5686,5183;
62463,0.098,1.008,-0.035,0.076,0.212,-0.027,-0.273,0.091,-0.102,5684,5169;
62513,0.102,1.015,-0.035,0.080,0.215,-0.021,-0.182,-0.091,-0.408,5686,5139;
62543,0.083,0.996,-0.042,0.074,0.210,-0.025,-0.182,-0.091,-0.408,5682,5182;
62563,0.090,1.000,-0.031,0.072,0.212,-0.029,-0.091,0.000,-0.102,5687,5183;
62593,0.090,0.993,-0.038,0.068,0.214,-0.027,-0.091,0.000,-0.102,5685,5173;
62623,0.102,1.015,-0.031,0.069,0.216,-0.030,-0.091,0.000,-0.102,5680,5182;
62653,0.090,1.004,-0.031,0.062,0.219,-0.030,-0.091,-0.818,-1.633,5682,5168;
62683,0.087,0.996,-0.042,0.064,0.225,-0.036,-0.091,-0.818,-1.633,5683,5161;
62713,0.083,0.993,-0.042,0.066,0.232,-0.034,0.091,-0.636,-0.714,5683,5145;
62743,0.087,1.004,-0.028,0.062,0.227,-0.034,0.091,-0.636,-0.714,5684,5157;
62773,0.098,1.011,-0.038,0.042,0.233,-0.040,-0.091,0.636,1.122,5685,5178;
62803,0.090,1.000,-0.042,0.049,0.246,-0.036,-0.091,0.636,1.122,5680,5147;
62833,0.090,0.996,-0.045,0.059,0.256,-0.025,0.091,0.818,1.020,5686,5178;
62853,0.090,0.985,-0.042,0.052,0.242,-0.010,0.091,0.818,1.020,5677,5164;
62903,0.094,1.000,-0.049,0.046,0.237,-0.012,0.091,0.818,1.020,5686,5159;
62923,0.117,1.019,-0.028,0.070,0.237,0.007,-0.091,0.364,-0.102,5679,5170;
62963,0.098,1.000,-0.038,0.069,0.217,0.015,-0.091,0.364,-0.102,5697,5178;
62983,0.090,1.008,-0.052,0.056,0.220,0.018,0.091,-0.182,0.204,5708,5173;
63013,0.090,1.008,-0.045,0.078,0.205,0.025,0.091,-0.182,0.204,5709,5180;
63043,0.105,1.011,-0.042,0.091,0.149,0.029,0.273,0.000,-0.204,5705,5160;
63074,0.094,1.008,-0.066,0.112,0.118,0.036,0.273,0.000,-0.204,5692,5149;
63113,0.102,0.985,-0.042,0.076,0.079,0.068,0.091,0.091,-1.224,5703,5159;
63143,0.098,0.989,-0.077,0.076,0.130,0.073,0.091,0.091,-1.224,5702,5164;
63163,0.053,1.015,-0.038,0.098,0.220,0.061,0.091,0.091,-1.224,5702,5160;
63193,0.049,0.993,-0.056,0.100,0.263,0.072,0.000,0.091,-0.306,5701,5144;
63223,0.053,0.970,-0.059,0.091,0.280,0.041,0.000,0.091,-0.306,5690,5097;
63253,0.128,0.981,-0.056,-0.004,0.232,0.007,0.364,1.091,-1.633,5692,5147;
63283,0.196,0.940,-0.017,-0.109,0.132,-0.021,0.364,1.091,-1.633,5697,5030;
63323,0.207,0.948,-0.035,-0.135,0.047,-0.118,-0.091,-0.091,-0.102,5707,5109;
63353,0.233,1.098,0.007,-0.052,-0.091,-0.100,-0.091,-0.091,-0.102,5721,5101;
63373,0.181,1.023,-0.059,-0.038,-0.310,-0.039,0.182,0.091,0.510,5747,5085;
63403,0.109,0.989,-0.080,-0.050,-0.249,-0.067,0.182,0.091,0.510,5767,5064;
63433,0.083,1.015,-0.052,0.001,-0.034,-0.076,0.182,0.091,0.510,5775,5046;
63463,0.094,0.981,-0.073,0.008,0.086,-0.012,0.091,0.000,-0.306,5778,5061;
63493,0.098,0.993,-0.080,-0.016,0.272,0.016,0.091,0.000,-0.306,5772,5059;
63523,0.169,1.000,-0.045,-0.011,0.351,0.008,0.091,-0.273,-1.531,5795,5090;
63553,0.211,0.955,-0.073,-0.090,0.355,0.008,0.091,-0.273,-1.531,5801,5072;
63583,0.158,1.000,-0.087,-0.074,0.392,-0.025,-0.091,-0.182,-0.510,5813,5093;
63613,0.166,1.000,-0.105,0.039,0.447,-0.061,-0.091,-0.182,-0.510,5813,5080;
63643,0.181,0.970,-0.094,0.093,0.467,-0.121,-0.091,-0.182,-0.510,5826,5057;
63663,0.181,0.925,-0.161,0.124,0.498,-0.160,0.182,0.091,-0.306,5811,5077;
63703,0.233,0.914,-0.161,0.180,0.415,-0.174,0.182,0.091,-0.306,5797,5033;
63733,0.260,0.914,-0.112,0.091,0.353,-0.219,0.000,0.091,1.429,5799,5041;
63753,0.166,0.959,-0.122,-0.004,0.392,-0.237,0.000,0.091,1.429,5795,5034;
63783,0.117,0.951,-0.094,0.025,0.381,-0.126,0.182,-0.182,-0.816,5790,5057;
63813,0.154,0.951,-0.098,0.098,0.467,-0.022,0.182,-0.182,-0.816,5782,5055;
63843,0.192,0.970,-0.094,0.040,0.588,0.033,0.182,-0.182,-0.816,5779,5033;
63863,0.207,0.963,-0.094,-0.151,0.779,0.015,0.000,0.091,-0.306,5775,5088;
63893,0.237,1.008,-0.070,-0.237,0.804,0.035,0.000,0.091,-0.306,5771,5094;
63933,0.237,1.132,-0.091,0.046,1.105,-0.061,-0.091,-0.273,-0.306,5757,5114;
63963,0.327,1.192,-0.122,0.236,1.050,-0.036,-0.091,-0.273,-0.306,5731,5135;
63983,0.437,1.222,0.031,0.364,0.696,0.046,-0.091,-0.273,-0.306,5680,5134;
64013,0.388,1.425,-0.042,0.283,0.081,0.259,-0.091,-0.182,-0.408,5648,5073;
64043,0.316,1.361,0.049,-0.117,-0.067,0.339,-0.091,-0.182,-0.408,5671,5002;
64073,-0.011,1.196,0.293,-0.181,-0.165,0.266,0.091,-0.091,-0.306,5698,5014;
64104,-0.376,1.057,0.101,0.244,0.267,-0.044,0.091,-0.091,-0.306,5723,5003;
64143,-0.199,0.876,0.080,0.533,0.710,-0.131,0.091,0.091,-0.102,5708,5069;
64173,-0.049,0.880,0.084,0.433,0.651,-0.084,0.091,0.091,-0.102,5689,5105;
64203,0.038,0.902,0.066,0.282,0.472,-0.091,0.273,0.091,0.204,5708,5111;
64233,0.083,0.917,0.042,0.155,0.307,-0.041,0.273,0.091,0.204,5736,5086;
64253,0.098,0.989,0.042,0.160,0.169,-0.125,0.273,0.091,0.204,5771,5085;
64283,0.053,1.038,0.024,0.345,0.056,-0.197,0.273,0.182,0.000,5805,5104;
64323,0.019,0.993,0.021,0.420,-0.055,-0.248,0.273,0.182,0.000,5879,5109;
64353,0.011,0.899,-0.028,0.419,-0.045,-0.263,0.091,0.182,-0.204,5906,5110;
64373,0.045,0.910,-0.059,0.272,-0.108,-0.178,0.091,0.182,-0.204,5928,5102;
64403,0.034,0.936,-0.017,0.194,-0.140,-0.144,-0.091,-0.091,-0.408,5934,5095;
64433,0.045,0.951,-0.045,0.261,-0.194,-0.103,-0.091,-0.091,-0.408,5958,5084;
64473,0.064,0.925,-0.063,0.239,-0.233,-0.024,-0.091,0.273,0.408,5986,5066;
64493,0.038,0.869,-0.098,0.188,-0.250,0.044,-0.091,0.273,0.408,6015,5041;
64523,0.045,0.899,-0.143,0.220,-0.282,0.092,-0.091,0.273,0.408,6001,5024;
64553,0.094,0.955,-0.175,0.220,-0.318,0.134,0.364,0.000,-0.102,5972,4985;
64583,0.109,0.951,-0.168,0.137,-0.391,0.152,0.364,0.000,-0.102,5952,4976;
64603,0.117,0.955,-0.171,0.104,-0.470,0.149,0.273,0.091,-0.102,5940,4938;
64633,0.113,0.981,-0.206,0.084,-0.459,0.050,0.273,0.091,-0.102,5925,4898;
64663,0.109,0.996,-0.161,0.134,-0.433,0.024,0.273,0.091,-0.102,5928,4889;
64693,0.124,1.000,-0.224,0.203,-0.559,0.023,-0.091,0.182,-0.306,5932,4903;
64723,0.094,1.023,-0.234,0.262,-0.532,0.012,-0.091,0.182,-0.306,5925,4880;
64753,0.158,1.042,-0.244,0.231,-0.650,0.089,-0.182,0.000,-0.102,5921,4872;
64783,0.079,1.090,-0.321,0.157,-0.409,0.091,-0.182,0.000,-0.102,5882,4866;
64813,-0.053,1.395,-0.119,-0.052,-0.016,-0.113,-0.091,0.091,-0.102,5826,4834;
64843,-0.211,1.538,-0.042,0.243,0.465,-0.301,-0.091,0.091,-0.102,5768,4823;
64873,-0.211,1.331,-0.059,0.593,0.648,-0.311,-0.091,0.091,-0.102,5732,4810;
64893,0.015,0.854,-0.073,0.555,0.596,-0.157,-0.091,0.000,0.306,5730,4847;
64923,0.147,0.722,-0.031,0.200,0.385,-0.004,-0.091,0.000,0.306,5727,4851;
64953,0.199,0.793,0.031,0.011,0.056,0.160,0.091,0.091,0.000,5721,4855;
64973,0.166,0.921,0.133,-0.051,-0.091,0.129,0.091,0.091,0.000,5718,4849;
65003,0.113,0.933,0.115,-0.083,-0.177,0.064,0.091,0.091,0.000,5739,4828;
65033,0.072,0.948,0.063,-0.050,-0.193,0.038,0.182,0.364,0.204,5731,4816;
65063,0.038,1.042,-0.003,0.124,-0.096,0.062,0.182,0.364,0.204,5701,4816;
65103,0.056,0.959,-0.049,-0.028,0.118,0.130,0.000,0.091,1.122,5677,4859;
65133,0.064,0.917,-0.035,-0.188,0.152,0.121,0.000,0.091,1.122,5661,4855;
65163,0.087,0.974,-0.031,-0.141,0.244,0.029,0.091,-0.182,-0.204,5656,4880;
65203,0.117,0.959,-0.028,-0.169,0.355,0.023,0.091,-0.182,-0.204,5652,4903;
65223,0.128,0.951,-0.063,-0.197,0.419,-0.005,0.091,-0.182,-0.102,5647,4890;
65253,0.117,0.978,-0.056,-0.151,0.461,-0.036,0.091,-0.182,-0.102,5641,4866;
65273,0.124,0.955,-0.098,-0.059,0.421,-0.058,0.091,-0.182,-0.102,5657,4847;
65303,0.139,0.936,-0.147,-0.038,0.450,-0.090,0.000,-0.182,-0.306,5684,4861;
65333,0.151,0.955,-0.105,-0.181,0.584,-0.140,0.000,-0.182,-0.306,5684,4862;
65363,0.136,0.970,-0.094,-0.296,0.674,-0.191,-0.091,0.727,0.204,5699,4882;
65393,0.075,0.951,-0.136,-0.183,0.815,-0.180,-0.091,0.727,0.204,5694,4803;
65423,0.147,0.895,-0.133,-0.063,0.947,-0.153,0.000,0.091,0.000,5651,4900;
65453,0.226,0.917,-0.070,-0.192,0.857,-0.120,0.000,0.091,0.000,5681,4926;
65483,0.215,0.981,-0.045,-0.244,0.756,-0.079,0.000,0.091,0.000,5671,4892;
65503,0.237,0.989,-0.052,-0.159,0.722,-0.073,-0.182,-0.273,-0.102,5645,4800;
65543,0.230,1.049,-0.059,-0.056,0.732,-0.084,-0.182,-0.273,-0.102,5651,4897;
65573,0.237,1.177,-0.147,0.029,0.920,-0.125,0.091,-0.091,0.102,5668,4944;
65603,0.233,1.173,-0.164,0.206,1.071,-0.055,0.091,-0.091,0.102,5672,5038;
65633,0.267,1.324,-0.077,0.409,0.896,0.091,0.182,0.091,-0.306,5653,5103;
65663,0.380,1.436,0.031,0.025,0.498,0.444,0.182,0.091,-0.306,5627,5104;
65693,0.282,1.252,0.248,-0.464,-0.097,0.489,-0.273,-0.091,-0.204,5699,5066;
65713,-0.233,0.940,0.206,-0.119,0.042,0.233,-0.273,-0.091,-0.204,5796,5063;
65753,-0.380,0.850,0.108,0.248,0.433,-0.019,-0.273,-0.091,-0.204,5807,5106;
65793,-0.166,0.955,0.024,0.567,0.690,0.058,0.000,-0.091,-0.102,5758,5159;
65823,0.087,0.963,0.003,0.242,0.611,0.136,0.000,-0.091,-0.102,5746,5186;
65843,0.041,0.940,0.063,0.010,0.397,0.109,0.091,0.000,-0.306,5764,5163;
65873,0.000,0.925,0.021,0.049,0.471,0.008,0.091,0.000,-0.306,5800,5175;
65893,0.023,0.993,0.035,0.095,0.345,-0.143,-0.091,-0.182,-0.204,5818,5257;
65923,0.072,1.049,-0.021,0.220,0.273,-0.208,-0.091,-0.182,-0.204,5856,5302;
65953,0.113,0.981,-0.014,0.294,0.182,-0.198,-0.091,-0.182,-0.204,5881,5321;
65993,0.124,0.940,-0.010,0.192,0.146,-0.200,-0.091,-0.091,-0.306,5922,5269;
66023,0.083,0.880,-0.063,0.165,0.024,-0.228,-0.091,-0.091,-0.306,5966,5271;
66053,0.045,0.910,-0.056,0.215,0.058,-0.233,0.091,0.273,0.204,5971,5231;
66083,0.090,0.902,-0.073,0.277,0.050,-0.123,0.091,0.273,0.204,5966,5221;
66103,0.132,0.842,-0.073,0.165,-0.056,-0.069,-0.182,0.000,0.408,5976,5217;
66133,0.158,0.914,-0.101,0.206,-0.149,-0.007,-0.182,0.000,0.408,5972,5176;
66173,0.173,0.940,-0.150,0.357,-0.270,0.153,0.182,-0.182,0.204,5942,5150;
66203,0.181,0.891,-0.182,0.277,-0.696,0.206,0.182,-0.182,0.204,5916,5095;
66233,0.113,0.948,-0.147,0.200,-0.824,0.115,0.182,-0.182,0.204,5898,5096;
66263,0.023,1.027,-0.192,0.222,-0.693,0.004,0.091,0.000,-0.408,5866,5064;
66283,0.068,1.098,-0.265,0.245,-0.650,0.025,0.091,0.000,-0.408,5847,5051;
66313,0.083,1.008,-0.227,-0.039,-0.616,0.030,0.091,-0.091,-0.306,5851,5035;
66353,0.015,1.102,-0.251,-0.033,-0.426,-0.084,0.091,-0.091,-0.306,5843,5000;
66383,0.034,1.060,-0.297,0.234,-0.382,0.000,0.000,0.455,-0.102,5834,4983;
66413,0.083,1.038,-0.342,0.312,-0.457,0.050,0.000,0.455,-0.102,5811,4965;
66433,0.060,1.211,-0.217,0.296,0.101,-0.181,0.000,0.455,-0.102,5792,4958;
66463,-0.139,1.448,0.010,0.188,0.510,-0.347,0.273,0.273,-0.306,5741,4939;
66493,-0.154,1.158,0.024,0.374,0.693,-0.431,0.273,0.273,-0.306,5723,4962;
66513,-0.060,0.737,0.126,0.160,0.452,-0.413,0.182,0.000,-0.510,5719,4987;
66543,0.256,1.072,0.161,0.074,-0.015,-0.076,0.182,0.000,-0.510,5694,4995;
66573,0.267,1.090,0.136,0.011,-0.074,0.232,0.182,0.000,-0.510,5691,4944;
66613,0.041,0.876,0.126,-0.118,-0.109,0.410,0.000,0.091,0.408,5686,4970;
66643,-0.056,0.846,0.105,-0.127,0.217,0.307,0.000,0.091,0.408,5692,5008;
66663,-0.019,0.985,0.052,-0.024,0.466,0.198,-0.091,0.000,0.000,5667,5005;
66693,0.034,0.933,0.042,0.042,0.516,0.044,-0.091,0.000,0.000,5639,5018;
66723,0.109,0.951,-0.031,0.007,0.525,0.057,0.091,0.091,-0.102,5627,5012;
66753,0.113,0.989,-0.077,0.035,0.572,0.032,0.091,0.091,-0.102,5597,4980;
66783,0.113,0.985,-0.063,0.075,0.508,0.005,-0.091,0.000,0.918,5586,4984;
66813,0.132,0.951,-0.066,0.067,0.398,0.005,-0.091,0.000,0.918,5571,4947;
66843,0.181,0.944,-0.073,0.041,0.329,-0.004,-0.091,0.000,0.918,5563,4966;
66863,0.192,0.978,-0.073,-0.033,0.267,-0.032,-0.091,0.182,-0.102,5524,4956;
66893,0.166,0.974,-0.108,0.010,0.307,-0.087,-0.091,0.182,-0.102,5500,4960;
66923,0.113,0.933,-0.098,-0.058,0.379,-0.140,-0.091,-0.364,-0.306,5460,4957;
66943,0.113,0.917,-0.119,-0.081,0.481,-0.158,-0.091,-0.364,-0.306,5456,4947;
66983,0.136,0.891,-0.094,-0.106,0.452,-0.171,-0.091,-0.364,-0.306,5440,4933;
67023,0.184,0.951,-0.098,-0.069,0.555,-0.220,0.091,-0.636,-1.327,5425,4913;
67043,0.196,0.970,-0.059,-0.130,0.380,-0.166,0.091,-0.636,-1.327,5423,4942;
67073,0.177,0.955,-0.112,-0.076,0.412,-0.107,0.182,0.364,1.327,5418,4921;
67103,0.169,0.963,-0.133,-0.085,0.517,-0.067,0.182,0.364,1.327,5412,4922;
67123,0.184,1.000,-0.140,-0.166,0.585,-0.055,0.000,0.182,-0.102,5412,4927;
67164,0.196,1.034,-0.136,-0.178,0.654,-0.066,0.000,0.182,-0.102,5440,4908;
67193,0.230,1.109,-0.182,-0.022,0.977,-0.135,0.000,0.000,-0.102,5476,4942;
67233,0.267,1.094,-0.157,0.125,1.144,-0.098,0.000,0.000,-0.102,5504,4961;
67253,0.309,1.293,-0.070,0.226,0.894,0.115,0.182,0.182,-0.408,5495,4965;
67283,0.275,1.538,-0.126,0.033,0.577,0.516,0.182,0.182,-0.408,5482,4969;
67313,0.354,1.331,0.049,-0.478,0.177,0.540,0.182,0.182,-0.408,5558,4972;
67343,0.019,1.113,0.258,-0.143,0.125,0.242,0.182,-0.091,-0.510,5617,4981;
67373,-0.252,0.933,0.161,0.263,0.385,-0.015,0.182,-0.091,-0.510,5621,5002;
67403,-0.120,0.933,0.098,0.384,0.410,-0.022,0.000,0.727,1.633,5604,5031;
67433,-0.064,0.940,0.038,0.311,0.455,-0.027,0.000,0.727,1.633,5583,5010;
67463,-0.008,0.940,0.014,0.160,0.408,-0.066,0.182,-0.364,-0.510,5582,5035;
67483,0.049,0.959,0.007,0.138,0.253,-0.070,0.182,-0.364,-0.510,5600,5028;
67513,0.124,0.974,0.017,0.091,0.096,-0.137,0.182,-0.364,-0.510,5625,5049;
67543,0.083,1.019,0.014,0.127,-0.079,-0.261,-0.091,-0.091,-0.510,5680,5077;
67573,0.049,1.008,0.014,0.185,-0.197,-0.311,-0.091,-0.091,-0.510,5738,5058;
67603,0.015,0.914,-0.052,0.163,-0.205,-0.287,0.000,-0.182,-0.204,5791,5087;
67633,0.019,0.921,-0.077,0.086,-0.146,-0.222,0.000,-0.182,-0.204,5822,5089;
67663,0.030,0.921,-0.070,0.046,-0.102,-0.169,0.000,-0.182,-0.204,5834,5117;
67683,0.060,0.944,-0.045,0.090,-0.072,-0.172,-0.091,0.182,-0.510,5844,5116;
67713,0.075,0.948,-0.066,0.152,-0.115,-0.092,-0.091,0.182,-0.510,5860,5105;
67733,0.087,0.895,-0.094,0.093,-0.171,-0.040,-0.091,-0.091,-0.408,5883,5127;
67773,0.102,0.899,-0.115,0.046,-0.215,0.007,-0.091,-0.091,-0.408,5893,5093;
67803,0.109,0.955,-0.143,0.231,-0.237,0.067,0.000,-0.636,0.000,5907,5116;
67833,0.105,0.940,-0.136,0.289,-0.419,0.092,0.000,-0.636,0.000,5926,5068;
67863,0.090,0.880,-0.136,0.114,-0.484,0.090,0.000,-0.636,0.000,5940,5094;
67893,0.023,0.963,-0.178,0.040,-0.416,0.016,-0.091,-0.091,-0.204,5925,5066;
67923,0.034,1.030,-0.178,-0.070,-0.356,-0.011,-0.091,-0.091,-0.204,5917,5057;
67943,0.079,1.034,-0.196,-0.049,-0.352,-0.066,0.091,-0.091,-0.306,5899,5045;
67983,0.128,1.075,-0.217,0.038,-0.387,-0.051,0.091,-0.091,-0.306,5893,4991;
68013,0.151,1.105,-0.279,0.064,-0.506,0.067,0.273,-0.091,0.000,5881,5010;
68033,0.147,1.109,-0.307,0.100,-0.556,0.078,0.273,-0.091,0.000,5868,4965;
68063,0.049,1.196,-0.122,-0.180,0.086,-0.226,0.273,-0.091,0.000,5826,4953;
68093,-0.207,1.606,0.042,-0.118,0.492,-0.443,0.182,0.182,-0.510,5787,4948;
68123,-0.335,1.466,0.000,0.450,0.663,-0.444,0.182,0.182,-0.510,5789,4970;
68153,-0.034,0.812,0.035,0.665,0.658,-0.209,0.091,-0.091,0.102,5775,5001;
68193,0.188,0.801,0.136,0.188,0.192,0.030,0.091,-0.091,0.102,5750,4984;
68213,0.090,0.906,0.115,0.158,0.134,0.236,0.000,0.000,-0.306,5756,4980;
68243,0.019,0.910,0.129,0.098,0.157,0.195,0.000,0.000,-0.306,5762,4943;
68273,0.034,0.955,0.105,0.040,0.259,0.075,-0.182,-0.182,0.102,5754,4961;
68303,0.109,1.011,0.066,0.182,0.200,0.052,-0.182,-0.182,0.102,5733,4947;
68333,0.068,0.914,0.049,0.204,0.073,0.120,-0.182,-0.182,0.102,5715,4956;
68363,0.030,0.906,0.049,0.093,0.186,0.157,0.091,0.000,-0.408,5681,4927;
68383,-0.034,0.944,0.042,0.001,0.351,0.123,0.091,0.000,-0.408,5660,4952;
68413,-0.019,0.963,0.007,0.127,0.495,0.055,0.091,-0.091,-0.102,5653,4971;
68433,0.041,0.966,0.000,0.185,0.542,0.066,0.091,-0.091,-0.102,5626,4973;
68463,0.166,0.948,0.007,0.136,0.499,0.075,0.091,-0.091,-0.102,5603,4968;
68503,0.188,0.951,-0.014,0.030,0.415,0.041,-0.182,0.182,0.510,5601,4928;
68543,0.109,1.015,-0.052,-0.016,0.369,-0.010,-0.182,0.182,0.510,5587,4948;
68563,0.075,0.985,-0.098,0.120,0.480,-0.022,0.182,0.000,0.102,5562,4939;
68593,0.098,0.966,-0.091,0.080,0.551,-0.025,0.182,0.000,0.102,5551,4927;
68623,0.109,0.959,-0.098,0.030,0.634,-0.061,-0.091,-0.091,0.102,5529,4900;
68653,0.151,0.948,-0.098,-0.011,0.694,-0.120,-0.091,-0.091,0.102,5524,4895;
68683,0.139,0.929,-0.108,-0.016,0.676,-0.174,0.000,-0.091,-0.510,5518,4893;
68723,0.169,0.944,-0.098,0.002,0.657,-0.152,0.000,-0.091,-0.510,5508,4890;
68753,0.196,0.951,-0.084,-0.007,0.657,-0.119,0.000,-0.091,-0.510,5502,4888;
68783,0.188,0.959,-0.112,0.001,0.601,-0.080,0.000,-0.182,-0.714,5490,4876;
68803,0.203,0.974,-0.161,0.038,0.593,-0.022,0.000,-0.182,-0.714,5489,4863;
68833,0.248,0.966,-0.150,-0.019,0.580,-0.022,0.182,0.091,-0.306,5474,4829;
68863,0.211,1.008,-0.154,-0.046,0.623,-0.067,0.182,0.091,-0.306,5489,4826;
68893,0.169,1.049,-0.185,-0.027,0.841,-0.131,-0.364,-0.818,-0.510,5524,4850;
68923,0.211,1.060,-0.189,0.047,1.026,-0.153,-0.364,-0.818,-0.510,5557,4865;
68953,0.248,1.090,-0.150,0.181,1.005,0.013,0.273,0.000,0.000,5583,4897;
68983,0.350,1.357,-0.017,-0.140,0.262,0.379,0.273,0.000,0.000,5596,4878;
69013,0.380,1.451,0.126,-0.634,-0.067,0.467,0.273,0.000,0.000,5630,4855;
69043,0.045,1.136,0.251,-0.284,-0.017,0.311,-0.182,-0.182,-0.102,5731,4833;
69083,-0.297,0.884,0.122,-0.045,0.361,0.034,-0.182,-0.182,-0.102,5769,4870;
69113,-0.226,0.906,0.028,0.359,0.684,-0.078,-0.182,0.000,-0.204,5742,4910;
69143,0.008,0.966,-0.014,0.432,0.703,0.016,-0.182,0.000,-0.204,5702,4942;
69163,0.117,0.929,0.017,0.143,0.454,0.050,-0.091,0.000,0.204,5685,4897;
69193,0.132,0.970,0.028,-0.005,0.223,0.080,-0.091,0.000,0.204,5704,4912;
69233,0.094,1.030,-0.007,0.100,0.019,-0.018,-0.091,0.000,0.204,5764,4937;
69253,0.053,1.000,0.024,0.219,-0.110,-0.172,0.091,-0.182,-0.408,5818,4966;
69283,0.049,0.963,0.021,0.193,-0.210,-0.260,0.091,-0.182,-0.408,5880,4989;
69313,0.000,0.959,-0.063,0.130,-0.172,-0.276,0.091,0.909,-0.612,5915,4971;
69343,0.011,0.940,-0.056,0.192,-0.143,-0.237,0.091,0.909,-0.612,5921,4996;
69363,0.053,0.921,-0.024,0.107,-0.165,-0.214,0.182,0.091,-0.204,5922,4937;
69403,0.120,0.921,-0.063,0.109,-0.204,-0.204,0.182,0.091,-0.204,5932,4952;
69433,0.105,0.951,-0.084,0.143,-0.239,-0.182,0.182,0.091,-0.204,5947,4978;
69453,0.109,0.936,-0.045,0.041,-0.329,-0.163,0.182,0.091,0.102,5976,4993;
69483,0.105,0.936,-0.084,0.183,-0.358,-0.056,0.182,0.091,0.102,6021,5002;
69523,0.094,0.936,-0.154,0.228,-0.390,-0.007,0.091,0.091,0.000,6052,4996;
69543,0.113,0.944,-0.147,0.146,-0.508,0.013,0.091,0.091,0.000,6040,4981;
69573,0.075,0.940,-0.178,0.212,-0.528,0.029,0.000,-0.091,0.306,6024,4926;
69603,0.053,0.925,-0.206,0.191,-0.452,0.019,0.000,-0.091,0.306,6006,4942;
69633,0.049,0.940,-0.210,0.189,-0.402,0.015,0.000,-0.091,0.306,5988,4941;
69653,0.113,0.951,-0.227,0.052,-0.480,-0.013,-0.091,-0.182,0.816,5973,4943;
69693,0.075,0.993,-0.217,0.096,-0.429,-0.027,-0.091,-0.182,0.816,5951,4931;
69723,0.053,1.004,-0.272,0.113,-0.414,-0.002,0.182,0.091,0.102,5946,4903;
69753,0.087,1.042,-0.300,-0.007,-0.379,-0.015,0.182,0.091,0.102,5927,4910;
69773,0.045,1.128,-0.185,-0.115,0.079,-0.113,-0.182,0.000,0.000,5878,4862;
69813,-0.113,1.542,-0.031,-0.087,0.316,-0.312,-0.182,0.000,0.000,5786,4856;
69843,-0.263,1.579,-0.028,0.357,0.685,-0.555,-0.091,0.636,1.531,5723,4876;
69863,-0.060,1.113,-0.108,0.833,0.623,-0.288,-0.091,0.636,1.531,5714,4900;
69903,0.181,0.662,0.007,0.304,0.297,-0.004,-0.091,0.636,1.531,5716,4907;
69933,0.173,0.816,0.056,0.090,-0.075,0.259,0.000,0.000,0.102,5701,4891;
69963,0.098,0.865,0.105,0.007,-0.152,0.220,0.000,0.000,0.102,5706,4886;
69983,0.060,0.929,0.126,-0.010,-0.175,0.115,0.091,0.091,-0.408,5698,4847;
70023,0.019,0.933,0.042,0.112,-0.103,0.012,0.091,0.091,-0.408,5674,4866;
70053,0.019,0.948,-0.007,0.066,0.040,0.117,0.091,0.273,-0.612,5618,4856;
70083,0.030,1.023,0.000,0.051,0.155,0.232,0.091,0.273,-0.612,5597,4851;
70113,0.023,1.011,-0.010,0.057,0.231,0.204,0.091,0.273,-0.612,5554,4858;
70143,0.034,0.955,-0.038,0.106,0.319,0.169,0.182,-0.273,-0.204,5542,4835;
70163,0.079,0.940,-0.049,0.093,0.414,0.146,0.182,-0.273,-0.204,5519,4839;
70193,0.151,0.929,-0.014,-0.008,0.379,0.112,0.091,1.000,0.000,5496,4849;
70233,0.109,0.914,-0.042,-0.096,0.447,0.039,0.091,1.000,0.000,5493,4836;
70253,0.090,0.963,-0.066,-0.036,0.512,-0.016,0.091,0.636,0.102,5491,4834;
70283,0.098,0.989,-0.105,0.070,0.583,-0.057,0.091,0.636,0.102,5483,4829;
70323,0.117,0.955,-0.112,0.010,0.626,-0.080,0.091,0.636,0.102,5477,4811;
70353,0.117,0.914,-0.091,-0.055,0.634,-0.123,0.000,-0.364,0.204,5476,4796;
70373,0.147,0.933,-0.122,-0.035,0.735,-0.158,0.000,-0.364,0.204,5473,4785;
70413,0.136,0.921,-0.098,-0.131,0.790,-0.202,0.182,0.000,-0.204,5456,4757;
70433,0.166,0.936,-0.098,-0.124,0.803,-0.191,0.182,0.000,-0.204,5471,4743;
70463,0.211,0.978,-0.136,-0.028,0.858,-0.154,-0.091,-0.636,-1.429,5467,4760;
70483,0.241,1.027,-0.171,-0.034,0.860,-0.106,-0.091,-0.636,-1.429,5450,4744;
70523,0.237,1.075,-0.189,-0.027,0.794,-0.123,-0.091,-0.636,-1.429,5441,4735;
70553,0.230,1.079,-0.185,-0.096,0.863,-0.113,0.091,0.091,-0.612,5457,4756;
70573,0.241,1.090,-0.178,-0.137,1.092,-0.076,0.091,0.091,-0.612,5503,4781;
70613,0.215,1.271,-0.161,0.017,1.139,0.030,0.091,0.091,0.102,5510,4773;
70643,0.358,1.466,-0.098,-0.109,0.749,0.310,0.091,0.091,0.102,5515,4808;
70663,0.361,1.387,0.119,-0.628,0.266,0.251,-0.091,0.000,0.408,5565,4799;
70703,0.154,1.211,0.220,-0.359,0.069,0.226,-0.091,0.000,0.408,5642,4744;
70733,-0.245,0.887,0.147,-0.033,0.290,0.025,-0.091,-0.909,-1.327,5702,4846;
70763,-0.192,0.880,0.077,0.221,0.556,-0.017,-0.091,-0.909,-1.327,5675,4913;
70783,-0.053,0.959,0.024,0.314,0.579,0.044,-0.091,-0.909,-1.327,5664,4955;
70813,0.004,0.951,0.014,0.108,0.498,0.035,0.182,0.091,0.306,5628,4932;
70843,0.011,0.974,0.052,-0.015,0.384,0.057,0.182,0.091,0.306,5643,4927;
70863,0.026,0.959,0.035,-0.023,0.253,-0.039,-0.273,0.000,-0.102,5682,4947;
70894,0.053,0.993,0.073,0.090,0.178,-0.141,-0.273,0.000,-0.102,5719,4967;
70933,0.015,1.000,0.052,0.174,0.022,-0.255,-0.273,0.000,-0.102,5765,5038;
70953,0.019,0.955,-0.035,0.165,0.055,-0.282,0.000,-0.091,0.102,5821,5048;
70983,0.034,0.899,-0.063,0.047,0.095,-0.255,0.000,-0.091,0.102,5837,5081;
71013,0.083,0.955,-0.049,0.102,0.081,-0.223,0.000,0.091,-0.408,5841,5099;
71053,0.098,0.933,-0.056,0.155,-0.055,-0.187,0.000,0.091,-0.408,5872,5107;
71083,0.143,0.940,-0.084,0.228,-0.140,-0.114,0.364,0.091,-0.204,5907,5109;
71103,0.139,0.887,-0.080,0.033,-0.301,-0.058,0.364,0.091,-0.204,5932,5076;
71143,0.117,0.887,-0.094,0.112,-0.396,-0.044,0.000,0.000,-0.816,5943,5105;
71173,0.136,0.921,-0.161,0.339,-0.670,0.086,0.000,0.000,-0.816,5988,5133;
71203,0.181,0.865,-0.161,0.307,-0.764,0.198,0.000,0.000,-0.816,5989,5133;
71233,0.139,0.925,-0.168,0.274,-0.799,0.171,-0.091,0.182,-0.714,5970,5131;
71263,0.075,0.993,-0.192,0.310,-0.833,0.130,-0.091,0.182,-0.714,5944,5119;
71283,-0.004,1.075,-0.206,0.340,-0.835,0.135,0.000,-0.182,-0.204,5945,5094;
71323,0.011,1.064,-0.248,0.278,-0.697,0.191,0.000,-0.182,-0.204,5905,4967;
71353,-0.094,1.124,-0.297,0.300,-0.623,0.101,0.273,0.727,1.224,5897,5046;
71383,-0.087,1.113,-0.388,0.498,-0.274,-0.013,0.273,0.727,1.224,5907,5031;
71403,-0.026,1.132,-0.224,0.208,0.212,-0.114,0.000,-0.182,-0.204,5861,4988;
71433,-0.128,1.429,-0.042,0.064,0.522,-0.403,0.000,-0.182,-0.204,5813,4944;
71463,-0.184,1.519,0.052,0.464,0.694,-0.583,0.000,-0.182,-0.204,5813,4939;
71493,0.000,0.869,0.014,0.917,0.664,-0.432,0.182,0.727,0.306,5839,4976;
71513,0.282,0.711,0.150,0.254,0.368,-0.195,0.182,0.727,0.306,5780,4953;
71553,0.365,1.057,0.164,0.035,-0.172,0.168,-0.182,-0.364,0.000,5757,4960;
71573,0.075,0.951,0.101,0.125,-0.084,0.301,-0.182,-0.364,0.000,5758,4956;
71613,-0.034,0.921,0.098,0.181,0.036,0.257,-0.182,-0.364,0.000,5740,4953;
71633,-0.004,0.940,0.010,0.211,0.372,0.161,0.182,0.455,0.000,5718,4966;
71663,0.117,0.902,0.038,0.038,0.409,0.131,0.182,0.455,0.000,5690,4975;
71693,0.109,0.914,0.052,-0.035,0.391,0.097,-0.182,-1.000,0.204,5657,4974;
71733,0.083,1.015,-0.007,0.019,0.416,0.070,-0.182,-1.000,0.204,5617,4953;
71763,0.098,0.936,-0.063,0.120,0.427,0.017,-0.091,0.000,-0.714,5586,4973;
71793,0.151,0.933,-0.045,-0.007,0.414,0.021,-0.091,0.000,-0.714,5558,4969;
71823,0.192,0.978,-0.063,0.038,0.302,0.057,0.182,0.091,-0.510,5542,4918;
71853,0.162,0.925,-0.108,-0.058,0.310,-0.001,0.182,0.091,-0.510,5535,4915;
71883,0.090,0.955,-0.087,-0.169,0.378,-0.097,0.182,-0.091,-0.918,5534,4921;
71913,0.079,0.970,-0.087,-0.158,0.461,-0.114,0.182,-0.091,-0.918,5531,4886;
71943,0.098,0.948,-0.115,-0.042,0.579,-0.125,0.182,-0.091,-0.918,5513,4893;
71973,0.102,0.944,-0.105,-0.047,0.665,-0.154,0.000,0.000,0.204,5507,4880;
72003,0.139,0.948,-0.115,0.049,0.679,-0.166,0.000,0.000,0.204,5485,4862;
72023,0.199,0.974,-0.122,0.096,0.660,-0.170,0.000,0.000,0.000,5457,4802;
72063,0.188,0.970,-0.147,0.035,0.703,-0.129,0.000,0.000,0.000,5429,4791;
72093,0.211,0.925,-0.171,0.056,0.682,-0.076,0.000,0.182,-0.204,5402,4780;
72123,0.294,0.978,-0.143,-0.091,0.647,-0.046,0.000,0.182,-0.204,5384,4772;
72153,0.271,1.030,-0.210,-0.089,0.735,-0.047,-0.091,0.818,0.714,5381,4756;
72183,0.312,1.090,-0.175,-0.068,0.880,-0.035,-0.091,0.818,0.714,5399,4757;
72213,0.301,1.132,-0.203,0.063,1.013,-0.038,-0.091,0.818,0.714,5412,4766;
72243,0.294,1.166,-0.119,0.187,1.109,0.058,0.000,0.000,0.000,5410,4778;
72273,0.403,1.316,-0.049,-0.107,0.483,0.308,0.000,0.000,0.000,5430,4771;
72303,0.301,1.320,-0.007,-0.509,0.330,0.382,0.091,0.818,0.204,5460,4783;
72343,0.094,1.215,0.168,-0.397,-0.027,0.301,0.091,0.818,0.204,5537,4762;
72363,-0.256,1.030,0.126,0.052,0.307,0.042,-0.091,-0.182,-0.306,5583,4814;
72393,-0.248,0.993,0.080,0.204,0.557,-0.029,-0.091,-0.182,-0.306,5602,4887;
72423,-0.151,0.996,0.021,0.362,0.640,-0.046,-0.091,-0.182,-0.306,5583,4942;
72453,0.023,0.951,0.000,0.220,0.453,-0.136,0.000,0.182,-0.510,5567,4962;
72483,0.109,0.944,0.059,-0.029,0.175,-0.110,0.000,0.182,-0.510,5595,4946;
72513,0.075,0.936,-0.014,0.022,0.049,-0.140,0.182,0.636,-0.204,5659,4957;
72543,0.038,1.004,-0.017,0.250,-0.034,-0.233,0.182,0.636,-0.204,5705,4959;
72573,0.068,0.974,-0.042,0.321,-0.091,-0.277,-0.091,-0.091,0.306,5744,5004;
72603,0.087,0.910,-0.035,0.140,-0.143,-0.245,-0.091,-0.091,0.306,5778,5031;
72633,0.053,0.933,-0.052,0.137,-0.211,-0.202,-0.091,-0.091,0.306,5801,5043;
72663,0.045,0.936,-0.063,0.197,-0.243,-0.155,0.091,0.000,-0.306,5819,5062;
72693,0.068,0.936,-0.077,0.182,-0.250,-0.076,0.091,0.000,-0.306,5823,5061;
72713,0.053,0.944,-0.070,0.112,-0.215,-0.046,0.000,0.000,-0.918,5845,5033;
72743,0.041,0.970,-0.066,0.097,-0.192,-0.007,0.000,0.000,-0.918,5840,5049;
72773,0.056,0.925,-0.108,0.096,-0.180,-0.018,0.000,-0.091,0.102,5850,5050;
72803,0.049,0.925,-0.122,0.096,-0.154,-0.011,0.000,-0.091,0.102,5831,5043;
72823,0.090,0.925,-0.129,0.047,-0.274,0.039,0.000,-0.091,0.102,5806,5045;
72853,0.090,0.925,-0.147,0.102,-0.301,0.041,0.091,-0.182,1.735,5796,4997;
72903,0.079,0.884,-0.161,0.070,-0.307,0.018,0.091,-0.182,1.735,5786,5028;
72933,0.038,1.000,-0.171,0.086,-0.214,-0.015,0.000,-0.091,0.000,5784,5027;
72963,0.060,0.981,-0.203,0.130,-0.160,-0.035,0.000,-0.091,0.000,5769,5017;
72993,0.199,1.019,-0.231,0.100,-0.304,-0.047,-0.182,-0.818,-2.041,5788,5013;
73023,0.196,1.087,-0.265,0.234,-0.506,0.000,-0.182,-0.818,-2.041,5783,4983;
73053,0.169,1.083,-0.328,0.272,-0.605,0.101,-0.091,0.273,0.204,5786,4974;
73083,0.109,1.098,-0.307,0.185,-0.416,0.115,-0.091,0.273,0.204,5781,4967;
73113,-0.019,1.271,-0.101,-0.017,-0.073,-0.078,-0.091,-0.091,0.102,5744,4938;
73143,-0.312,1.403,0.003,0.186,0.487,-0.325,-0.091,-0.091,0.102,5692,4946;
73163,-0.252,1.290,-0.007,0.464,0.894,-0.391,-0.091,-0.091,0.102,5654,4940;
73193,0.049,1.030,0.052,0.559,0.890,-0.285,0.091,0.909,-0.204,5617,4933;
73223,0.226,0.778,0.115,0.385,0.168,-0.038,0.091,0.909,-0.204,5586,4934;
73253,0.188,0.910,0.070,0.280,-0.070,0.200,-0.091,-0.636,-1.633,5559,4943;
73283,0.068,0.936,0.084,0.042,0.104,0.236,-0.091,-0.636,-1.633,5529,4927;
73313,-0.049,0.910,0.087,-0.028,0.255,0.237,-0.091,-0.636,-1.633,5519,4930;
73343,-0.075,0.966,0.070,0.143,0.521,0.152,0.000,0.091,-0.612,5494,4919;
73383,0.004,1.000,-0.003,0.257,0.682,0.141,0.000,0.091,-0.612,5452,4906;
73413,0.136,0.948,-0.038,0.192,0.726,0.159,0.091,0.727,1.531,5439,4894;
73433,0.222,0.914,-0.070,0.046,0.707,0.143,0.091,0.727,1.531,5427,4890;
73463,0.215,0.936,-0.101,-0.096,0.593,0.055,0.182,0.182,0.306,5434,4847;
73493,0.173,0.940,-0.077,-0.197,0.491,0.075,0.182,0.182,0.306,5442,4870;
73533,0.211,0.963,-0.063,-0.073,0.368,0.052,-0.182,0.000,0.000,5451,4847;
73563,0.109,0.955,-0.133,-0.171,0.420,-0.045,-0.182,0.000,0.000,5453,4840;
73593,0.120,0.993,-0.084,-0.142,0.433,-0.073,0.091,0.636,1.735,5443,4828;
73613,0.147,0.981,-0.070,-0.030,0.474,-0.095,0.091,0.636,1.735,5438,4824;
73643,0.143,0.933,-0.150,-0.063,0.578,-0.118,0.091,0.636,1.735,5432,4815;
73663,0.169,0.940,-0.140,-0.115,0.590,-0.109,-0.182,-0.364,0.102,5436,4804;
73693,0.188,0.933,-0.122,-0.074,0.636,-0.135,-0.182,-0.364,0.102,5431,4810;
73723,0.203,0.929,-0.101,-0.022,0.651,-0.160,0.091,-0.273,-0.408,5433,4815;
73753,0.181,0.917,-0.143,-0.059,0.696,-0.124,0.091,-0.273,-0.408,5436,4821;
73783,0.226,0.944,-0.136,-0.059,0.756,-0.080,0.091,-0.273,-0.408,5426,4811;
73803,0.237,1.008,-0.119,-0.034,0.845,-0.083,0.000,-0.182,-0.510,5435,4818;
73833,0.207,1.060,-0.133,0.086,0.925,-0.072,0.000,-0.182,-0.510,5429,4821;
73863,0.218,1.057,-0.175,0.046,1.095,-0.067,-0.182,-0.091,-0.102,5450,4828;
73893,0.331,1.098,-0.213,0.141,1.333,-0.126,-0.182,-0.091,-0.102,5464,4831;
73923,0.425,1.087,-0.241,0.172,1.292,-0.081,-0.182,-0.091,-0.102,5499,4859;
73953,0.395,1.166,-0.168,0.253,1.050,0.059,-0.091,0.091,0.306,5503,4859;
73983,0.410,1.380,-0.052,0.166,0.420,0.330,-0.091,0.091,0.306,5490,4859;
74013,0.369,1.230,0.196,-0.314,-0.255,0.512,-0.182,-1.000,-1.837,5553,4831;
74043,-0.023,1.027,0.231,-0.432,-0.211,0.375,-0.182,-1.000,-1.837,5634,4825;
74073,-0.425,0.981,0.105,-0.141,0.498,0.052,-0.091,-0.091,-0.102,5668,4865;
74103,-0.294,0.974,0.028,0.254,0.762,-0.053,-0.091,-0.091,-0.102,5635,4924;
74133,0.000,1.042,-0.042,0.378,0.760,-0.130,0.000,0.091,-0.816,5588,4983;
74163,0.218,1.030,-0.052,0.153,0.409,-0.161,0.000,0.091,-0.816,5587,5002;
74183,0.230,0.936,0.007,-0.053,0.024,-0.164,0.000,0.091,-0.816,5627,4994;
74213,0.181,0.910,0.031,-0.090,-0.205,-0.265,0.273,0.091,-0.102,5698,5040;
74253,0.041,0.966,0.021,0.123,-0.386,-0.339,0.273,0.091,-0.102,5770,5057;
74283,0.019,0.963,-0.056,0.206,-0.307,-0.306,0.091,0.273,-0.408,5806,5079;
74303,0.053,0.925,-0.098,0.134,-0.234,-0.239,0.091,0.273,-0.408,5806,5095;
74343,0.120,0.963,-0.056,0.172,-0.250,-0.147,-0.182,-0.091,1.122,5794,5093;
74363,0.120,0.921,-0.094,0.250,-0.284,-0.132,-0.182,-0.091,1.122,5802,5068;
74393,0.124,0.906,-0.126,0.152,-0.329,-0.100,-0.182,-0.091,1.122,5784,5071;
74423,0.132,0.936,-0.129,0.084,-0.367,-0.074,0.000,0.545,1.327,5800,5046;
74453,0.124,0.921,-0.101,-0.053,-0.442,-0.047,0.000,0.545,1.327,5795,5047;
74473,0.056,0.929,-0.133,0.016,-0.463,-0.029,-0.091,0.182,-0.102,5800,5045;
74513,0.056,0.974,-0.175,0.076,-0.399,-0.025,-0.091,0.182,-0.102,5787,5042;
74543,0.090,0.970,-0.157,0.123,-0.501,0.021,0.000,-0.182,0.204,5781,5024;
74573,0.113,0.929,-0.147,0.168,-0.601,-0.015,0.000,-0.182,0.204,5773,5005;
74603,0.045,0.981,-0.171,0.279,-0.542,-0.034,0.000,-0.182,0.204,5779,4972;
74623,0.124,0.963,-0.210,0.134,-0.464,0.008,0.000,-0.182,0.102,5784,4948;
74653,0.128,0.989,-0.227,0.067,-0.520,-0.005,0.000,-0.182,0.102,5773,4864;
74683,0.128,1.087,-0.251,0.282,-0.550,-0.011,-0.091,0.182,1.429,5774,4921;
74713,0.169,1.083,-0.349,0.404,-0.663,0.106,-0.091,0.182,1.429,5797,4909;
74743,0.226,1.075,-0.370,0.302,-0.692,0.191,-0.091,-0.091,0.204,5779,4884;
74763,0.132,1.230,-0.210,0.025,-0.297,-0.012,0.091,-0.091,0.204,5722,4842;
74793,-0.203,1.466,-0.014,0.010,0.295,-0.338,0.091,-0.091,0.204,5665,4811;
74833,-0.286,1.414,0.021,0.466,0.562,-0.407,-0.091,0.091,-0.102,5618,4830;
74863,0.034,0.737,0.038,0.493,0.424,-0.217,-0.091,0.091,-0.102,5588,4870;
74893,0.267,0.831,0.119,0.216,-0.067,0.038,-0.182,0.273,-0.102,5555,4869;
74923,0.177,0.933,0.098,0.064,-0.205,0.223,-0.182,0.273,-0.102,5515,4868;
74953,0.030,0.944,0.087,0.046,-0.093,0.219,-0.091,-0.182,-0.204,5498,4849;
74993,-0.068,0.944,0.056,0.085,0.172,0.164,-0.091,-0.182,-0.204,5462,4860;
75013,-0.026,0.933,0.045,0.004,0.322,0.080,-0.182,0.182,0.918,5435,4864;
75043,0.008,0.921,0.014,0.025,0.356,0.103,-0.182,0.182,0.918,5404,4886;
75073,0.075,0.978,-0.024,0.006,0.495,0.130,-0.182,0.182,0.918,5393,4885;
75113,0.124,0.996,-0.035,-0.055,0.461,0.093,-0.091,0.000,-0.102,5383,4863;
75133,0.143,0.936,-0.052,-0.055,0.414,0.027,-0.091,0.000,-0.102,5376,4880;
75163,0.132,0.925,-0.115,-0.070,0.476,0.057,0.091,0.182,0.000,5376,4855;
75203,0.128,0.944,-0.091,-0.090,0.554,0.018,0.091,0.182,0.000,5369,4852;
75233,0.120,0.944,-0.108,-0.074,0.654,-0.039,0.091,0.182,0.000,5370,4809;
75263,0.136,0.940,-0.140,-0.068,0.742,-0.083,0.091,0.182,0.000,5365,4772;
75293,0.158,0.906,-0.161,-0.091,0.857,-0.120,0.091,0.818,1.122,5362,4733;
75323,0.128,0.899,-0.143,-0.081,0.986,-0.194,0.091,0.818,1.122,5362,4683;
75353,0.132,0.887,-0.199,0.002,1.020,-0.251,0.091,0.818,1.122,5361,4660;
75383,0.233,0.887,-0.143,-0.041,0.837,-0.228,0.091,-0.182,0.204,5349,4667;
75413,0.294,0.955,-0.112,-0.044,0.662,-0.197,0.091,-0.182,0.204,5333,4668;
75443,0.309,0.985,-0.168,-0.044,0.778,-0.140,-0.182,-0.091,-0.204,5334,4666;
75473,0.256,1.072,-0.178,-0.135,0.787,-0.067,-0.182,-0.091,-0.204,5359,4676;
75503,0.233,1.151,-0.136,-0.095,0.993,-0.123,0.182,-0.091,-0.510,5375,4685;
75533,0.286,1.136,-0.203,0.051,1.224,-0.155,0.182,-0.091,-0.510,5401,4741;
75573,0.301,1.124,-0.140,0.284,1.277,-0.101,0.273,-1.000,-1.224,5416,4838;
75603,0.350,1.365,-0.003,0.080,0.662,0.153,0.273,-1.000,-1.224,5414,4842;
75623,0.365,1.357,0.017,-0.359,0.375,0.402,-0.091,0.273,-0.306,5447,4867;
75653,0.094,1.102,0.220,-0.448,-0.056,0.364,-0.091,0.273,-0.306,5530,4872;
75683,-0.309,0.963,0.161,-0.059,0.205,0.191,-0.091,0.273,-0.306,5563,4902;
75723,-0.290,1.072,0.042,0.338,0.577,0.087,0.000,-0.091,-0.204,5565,4939;
75743,-0.045,0.970,0.014,0.317,0.529,0.011,0.000,-0.091,-0.204,5569,4975;
75773,0.083,0.933,0.000,0.166,0.361,-0.080,0.000,-0.273,-0.510,5564,4981;
75803,0.090,0.959,0.038,0.001,0.067,-0.093,0.000,-0.273,-0.510,5599,4971;
75833,0.023,0.910,-0.024,0.032,-0.008,-0.127,-0.091,-0.182,1.020,5654,5000;
75863,0.041,0.974,-0.010,0.017,-0.038,-0.220,-0.091,-0.182,1.020,5699,5020;
75883,0.068,0.989,0.010,0.209,-0.110,-0.227,-0.091,-0.182,1.020,5716,5037;
75913,0.068,0.966,0.017,0.183,-0.174,-0.181,-0.182,0.091,0.000,5744,5033;
75943,0.038,0.925,-0.052,0.166,-0.182,-0.159,-0.182,0.091,0.000,5773,5042;
75973,0.068,0.970,-0.063,0.212,-0.149,-0.130,-0.091,0.091,-0.204,5792,5038;
76003,0.098,0.981,-0.052,0.216,-0.163,-0.118,-0.091,0.091,-0.204,5824,5022;
76033,0.087,0.959,-0.094,0.202,-0.244,-0.093,-0.091,0.091,-0.204,5854,5006;
76053,0.075,0.940,-0.140,0.146,-0.202,-0.086,0.000,0.000,-0.306,5859,4977;
76083,0.090,0.951,-0.105,0.163,-0.231,-0.073,0.000,0.000,-0.306,5850,4959;
76113,0.075,0.906,-0.133,0.194,-0.294,-0.059,0.091,-0.091,-0.204,5844,4948;
76143,0.087,0.869,-0.161,0.059,-0.435,0.030,0.091,-0.091,-0.204,5820,4954;
76183,0.158,0.925,-0.171,0.143,-0.532,0.110,-0.091,0.182,0.204,5782,4938;
76213,0.128,0.914,-0.171,0.061,-0.645,0.177,-0.091,0.182,0.204,5765,4918;
76233,0.079,0.996,-0.164,0.045,-0.669,0.124,-0.091,0.182,0.204,5747,4913;
76263,0.041,1.000,-0.203,0.140,-0.599,0.083,-0.091,0.000,-0.714,5739,4902;
76293,0.041,1.011,-0.234,0.108,-0.438,0.063,-0.091,0.000,-0.714,5725,4880;
76323,0.109,1.011,-0.241,-0.078,-0.406,-0.017,0.000,0.000,0.306,5721,4885;
76353,0.068,1.098,-0.224,0.129,-0.359,-0.067,0.000,0.000,0.306,5712,4860;
76383,0.087,1.064,-0.346,0.353,-0.443,0.078,0.000,0.000,0.204,5693,4870;
76413,0.117,1.109,-0.258,0.166,-0.160,0.029,0.000,0.000,0.204,5653,4838;
76453,-0.090,1.418,-0.049,0.063,0.222,-0.244,0.091,0.818,0.816,5582,4791;
76533,-0.230,1.406,0.035,0.327,0.658,-0.453,0.091,0.818,0.816,5533,4769;
76542,-0.151,1.057,0.010,0.617,0.800,-0.500,0.091,0.818,0.816,5515,4749;
76543,0.075,0.846,-0.017,0.533,0.416,-0.310,0.091,0.000,0.510,5469,4765;
76563,0.207,0.921,0.059,0.352,0.057,-0.055,0.091,0.000,0.510,5434,4775;
76593,0.139,0.899,0.115,0.036,-0.059,0.148,0.182,0.000,0.918,5416,4792;
76623,0.011,0.839,0.080,-0.079,0.033,0.159,0.182,0.000,0.918,5425,4784;
76643,-0.038,0.940,0.045,0.041,0.256,0.087,-0.273,0.091,-0.102,5406,4788;
76673,0.041,0.993,-0.003,0.158,0.321,0.069,-0.273,0.091,-0.102,5396,4781;
76703,0.060,0.974,-0.014,0.090,0.342,0.091,-0.273,0.091,-0.102,5375,4799;
76743,0.132,1.008,-0.024,-0.064,0.283,0.097,0.182,0.182,-1.327,5364,4782;
76773,0.056,0.985,-0.073,-0.024,0.278,0.067,0.182,0.182,-1.327,5341,4784;
76793,0.075,0.974,-0.056,-0.005,0.260,0.076,-0.182,-0.909,-0.102,5351,4768;
76833,0.117,0.944,-0.056,-0.059,0.319,0.095,-0.182,-0.909,-0.102,5342,4749;
76853,0.113,0.940,-0.101,-0.086,0.368,0.049,0.091,0.909,-0.306,5338,4743;
76893,0.075,0.948,-0.115,-0.101,0.453,-0.028,0.091,0.909,-0.306,5339,4753;
76923,0.109,0.951,-0.126,-0.017,0.465,-0.025,0.182,-0.182,-1.327,5323,4734;
76953,0.162,0.940,-0.133,0.083,0.568,-0.036,0.182,-0.182,-1.327,5312,4671;
76973,0.139,0.906,-0.175,0.008,0.651,-0.050,0.182,-0.182,-1.327,5301,4675;
77003,0.105,0.914,-0.164,-0.039,0.696,-0.087,-0.273,0.091,0.102,5288,4663;
77043,0.136,0.925,-0.143,0.057,0.646,-0.130,-0.273,0.091,0.102,5268,4620;
77063,0.211,0.899,-0.157,-0.011,0.731,-0.113,0.000,0.727,1.327,5264,4623;
77093,0.207,0.929,-0.150,-0.119,0.705,-0.061,0.000,0.727,1.327,5264,4618;
77123,0.233,0.993,-0.154,-0.097,0.860,-0.044,0.000,0.727,1.327,5276,4641;
77153,0.260,1.011,-0.140,-0.144,0.861,-0.005,0.182,0.091,-0.816,5288,4628;
77173,0.301,1.132,-0.161,-0.112,0.877,0.006,0.182,0.091,-0.816,5314,4659;
77213,0.263,1.169,-0.199,0.052,1.110,-0.021,0.000,0.364,0.102,5333,4667;
77243,0.241,1.105,-0.182,0.180,1.308,-0.002,0.000,0.364,0.102,5352,4761;
77273,0.275,1.203,-0.140,0.178,1.258,0.120,-0.091,0.000,-0.306,5352,4782;
77303,0.327,1.361,-0.052,-0.160,0.863,0.431,-0.091,0.000,-0.306,5412,4727;
77333,0.316,1.162,0.234,-0.736,-0.006,0.441,0.182,1.000,0.714,5465,4763;
77363,-0.188,1.027,0.224,-0.259,0.188,0.136,0.182,1.000,0.714,5572,4801;
77393,-0.290,0.996,0.063,0.131,0.631,-0.029,0.182,1.000,0.714,5582,4889;
77423,-0.147,1.008,0.045,0.285,0.807,-0.072,-0.182,0.364,-0.306,5539,4948;
77453,0.023,0.993,0.031,0.153,0.693,-0.140,-0.182,0.364,-0.306,5520,4954;
77493,0.120,0.921,0.066,0.004,0.355,-0.148,0.182,0.091,-0.204,5527,4971;
77513,0.102,0.944,0.031,0.012,0.240,-0.176,0.182,0.091,-0.204,5549,4979;
77543,0.079,0.970,0.010,0.135,0.123,-0.249,0.000,-0.091,0.000,5578,5005;
77573,0.053,0.981,-0.021,0.231,0.085,-0.291,0.000,-0.091,0.000,5589,5050;
77603,0.105,0.944,-0.028,0.169,0.047,-0.273,0.000,0.273,0.408,5615,5073;
77633,0.109,0.955,-0.035,0.172,-0.069,-0.212,0.000,0.273,0.408,5641,5087;
77663,0.113,0.936,-0.070,0.223,-0.157,-0.193,0.000,0.273,0.408,5662,5043;
77693,0.098,0.966,-0.056,0.187,-0.277,-0.187,0.091,0.000,-1.633,5682,5042;
77723,0.098,0.974,-0.073,0.223,-0.304,-0.164,0.091,0.000,-1.633,5697,5035;
77753,0.109,0.963,-0.084,0.231,-0.384,-0.085,-0.091,-0.091,0.102,5690,5036;
77783,0.083,0.925,-0.094,0.187,-0.460,-0.076,-0.091,-0.091,0.102,5712,5016;
77803,0.075,0.914,-0.133,0.208,-0.484,-0.015,0.000,0.091,-0.102,5711,4989;
77833,0.079,0.925,-0.150,0.216,-0.482,0.025,0.000,0.091,-0.102,5703,4989;
77863,0.087,0.880,-0.108,0.115,-0.578,0.070,0.000,0.091,-0.102,5696,4935;
77893,0.056,0.910,-0.087,0.066,-0.584,0.028,-0.182,0.091,0.000,5693,4928;
77923,0.023,0.959,-0.168,0.078,-0.403,0.013,-0.182,0.091,0.000,5700,4932;
77953,0.011,1.011,-0.161,0.064,-0.229,-0.039,0.000,0.000,-0.204,5684,4890;
77983,0.038,1.023,-0.203,0.108,-0.195,-0.066,0.000,0.000,-0.204,5664,4890;
78013,0.094,1.042,-0.255,0.080,-0.178,-0.032,-0.273,0.273,0.102,5696,4884;
78033,0.181,1.075,-0.286,0.057,-0.215,-0.055,-0.273,0.273,0.102,5708,4882;
78063,0.207,1.072,-0.258,0.176,-0.313,-0.022,-0.273,0.273,0.102,5730,4871;
78103,0.120,1.038,-0.255,0.047,-0.232,-0.040,-0.182,0.091,0.102,5716,4872;
78123,-0.038,1.354,-0.084,0.023,0.232,-0.257,-0.182,0.091,0.102,5693,4888;
78153,-0.248,1.312,0.010,0.097,0.701,-0.267,0.273,0.091,0.000,5663,4875;
78183,-0.248,1.297,0.007,0.345,1.038,-0.403,0.273,0.091,0.000,5650,4878;
78213,-0.090,1.000,0.024,0.474,0.924,-0.312,0.273,0.091,0.000,5619,4911;
78233,0.143,0.801,0.080,0.389,0.424,-0.146,-0.091,-0.182,-0.204,5582,4938;
78263,0.222,0.951,0.066,0.301,0.126,0.070,-0.091,-0.182,-0.204,5549,4926;
78293,0.162,0.970,0.105,0.113,0.057,0.123,0.000,-0.182,0.510,5521,4905;
78313,0.053,0.974,0.098,0.106,-0.069,0.143,0.000,-0.182,0.510,5524,4901;
78343,-0.008,0.944,0.056,0.249,-0.057,0.098,0.000,-0.091,0.510,5509,4878;
78373,-0.019,0.925,0.003,0.272,0.012,0.132,-0.091,-0.091,0.714,5492,4842;
78403,0.008,0.966,-0.031,0.188,0.198,0.160,-0.091,-0.091,0.714,5458,4860;
78433,0.053,0.955,-0.038,0.091,0.274,0.140,-0.182,0.273,0.000,5441,4825;
78463,0.105,0.959,-0.049,0.045,0.342,0.070,-0.182,0.273,0.000,5425,4829;
78493,0.098,0.910,-0.070,0.053,0.319,0.029,-0.091,0.182,-0.102,5411,4838;
78523,0.139,0.936,-0.077,-0.004,0.225,0.005,-0.091,0.182,-0.102,5413,4824;
78553,0.154,0.951,-0.101,-0.028,0.174,-0.004,-0.091,0.182,-0.102,5417,4809;
78573,0.136,0.955,-0.105,-0.053,0.193,-0.032,0.000,0.091,0.102,5411,4799;
78603,0.075,0.944,-0.133,-0.070,0.267,-0.073,0.000,0.091,0.102,5392,4760;
78623,0.075,0.955,-0.129,-0.039,0.342,-0.086,0.091,0.364,-0.102,5369,4757;
78653,0.102,0.951,-0.140,0.010,0.554,-0.110,0.091,0.364,-0.102,5366,4721;
78683,0.109,0.902,-0.175,-0.005,0.718,-0.159,0.091,0.364,-0.102,5344,4713;
78713,0.139,0.891,-0.171,-0.058,0.736,-0.180,-0.182,0.091,-0.204,5332,4716;
78743,0.184,0.933,-0.175,-0.007,0.739,-0.152,-0.182,0.091,-0.204,5320,4718;
78773,0.222,0.940,-0.147,-0.104,0.777,-0.148,0.364,0.727,0.510,5334,4731;
78813,0.177,0.970,-0.126,-0.284,0.742,-0.148,0.364,0.727,0.510,5363,4736;
78843,0.177,1.105,-0.154,-0.137,1.133,-0.148,0.091,0.000,0.102,5391,4765;
78873,0.256,1.158,-0.196,-0.005,1.286,-0.104,0.091,0.000,0.102,5415,4785;
78903,0.294,1.181,-0.182,0.185,1.150,0.033,0.182,-0.091,0.102,5421,4818;
78933,0.346,1.508,-0.094,-0.109,0.386,0.285,0.182,-0.091,0.102,5447,4785;
78963,0.373,1.478,-0.010,-0.504,0.138,0.363,0.000,0.727,0.816,5506,4760;
78983,0.275,1.372,0.077,-0.255,-0.010,0.276,0.000,0.727,0.816,5562,4747;
79023,0.011,1.233,0.213,0.021,-0.010,0.188,0.000,0.727,0.816,5583,4774;
79053,-0.218,0.917,0.073,0.294,0.408,-0.188,-0.273,-0.273,-0.510,5624,4819;
79083,-0.083,0.778,0.066,0.351,0.457,-0.159,-0.273,-0.273,-0.510,5596,4885;
79113,-0.041,0.846,0.049,0.312,0.266,-0.056,0.091,0.000,-0.204,5556,4921;
79143,-0.015,0.895,0.021,0.141,0.256,0.055,0.091,0.000,-0.204,5564,4916;
79173,-0.053,0.876,-0.003,0.057,0.209,0.029,0.000,0.000,-0.204,5561,4923;
79193,-0.056,0.981,0.021,0.076,0.144,0.032,0.000,0.000,-0.204,5572,4887;
79233,-0.004,1.019,-0.003,0.197,-0.013,-0.041,0.000,0.000,-0.204,5599,4917;
79253,0.075,0.981,-0.049,0.176,-0.119,-0.098,0.000,0.545,0.918,5632,4926;
79283,0.120,0.970,-0.024,0.152,-0.288,-0.115,0.000,0.545,0.918,5679,4928;
79313,0.090,0.985,-0.073,0.135,-0.393,-0.126,0.091,0.091,1.735,5709,4926;
79333,0.053,0.966,-0.098,0.168,-0.448,-0.126,0.091,0.091,1.735,5746,4941;
79363,0.049,0.959,-0.073,0.228,-0.457,-0.113,0.091,0.091,1.735,5744,4939;
79393,0.041,0.933,-0.084,0.229,-0.455,-0.035,-0.091,0.727,1.122,5751,4929;
79423,0.038,0.872,-0.101,0.100,-0.487,0.016,-0.091,0.727,1.122,5752,4897;
79453,0.026,0.917,-0.119,0.069,-0.449,0.023,-0.091,-0.091,-1.327,5743,4902;
79483,0.023,0.917,-0.140,0.124,-0.398,0.091,-0.091,-0.091,-1.327,5738,4903;
79523,0.026,0.906,-0.168,0.076,-0.347,0.132,-0.091,0.455,0.102,5708,4876;
79553,0.008,0.948,-0.168,0.076,-0.220,0.117,-0.091,0.455,0.102,5685,4856;
79573,0.023,0.981,-0.168,0.075,-0.148,0.056,0.091,-0.273,1.224,5662,4859;
79603,0.079,1.011,-0.171,0.100,-0.123,0.064,0.091,-0.273,1.224,5646,4830;
79633,0.072,1.004,-0.203,0.087,-0.093,0.011,0.091,-0.273,1.224,5621,4816;
79663,0.090,1.042,-0.238,0.045,-0.086,-0.063,0.182,0.909,-0.816,5618,4824;
79693,0.132,1.034,-0.272,0.084,-0.169,-0.058,0.182,0.909,-0.816,5614,4817;
79723,0.158,1.034,-0.283,0.134,-0.293,-0.008,-0.091,-0.091,-0.102,5594,4814;
79753,0.151,1.000,-0.304,0.115,-0.401,0.024,-0.091,-0.091,-0.102,5614,4801;
79783,0.049,1.011,-0.276,0.030,-0.103,-0.036,-0.182,1.000,0.204,5606,4802;
79803,-0.105,1.301,-0.056,-0.177,0.289,-0.244,-0.182,1.000,0.204,5561,4779;
79833,-0.245,1.414,0.028,0.091,0.753,-0.384,-0.182,1.000,0.204,5498,4814;
79863,-0.188,1.260,-0.059,0.509,0.962,-0.408,0.000,0.455,-0.204,5472,4829;
79893,-0.015,0.865,-0.073,0.415,0.973,-0.378,0.000,0.455,-0.204,5461,4877;
79923,0.230,0.876,0.003,0.222,0.603,-0.123,-0.091,0.091,0.102,5441,4911;
79943,0.199,0.989,0.091,0.123,0.219,0.132,-0.091,0.091,0.102,5425,4908;
79973,0.139,0.993,0.129,-0.018,0.073,0.188,-0.091,0.091,0.102,5412,4900;
80003,-0.011,0.914,0.122,-0.017,0.109,0.131,0.000,-0.364,0.306,5421,4915;
80023,-0.053,0.933,0.066,0.035,0.202,0.113,0.000,-0.364,0.306,5402,4897;
80063,-0.015,0.989,0.031,0.084,0.217,0.112,-0.182,-0.091,0.918,5392,4873;
80093,0.098,1.023,-0.017,0.153,0.211,0.159,-0.182,-0.091,0.918,5379,4873;
80113,0.102,0.959,-0.052,0.085,0.192,0.138,0.000,0.091,-0.306,5365,4842;
80143,0.090,0.910,-0.066,-0.007,0.192,0.059,0.000,0.091,-0.306,5355,4829;
80173,0.094,0.929,-0.073,-0.083,0.200,0.034,0.000,0.091,-0.306,5350,4824;
80203,0.087,0.951,-0.115,-0.051,0.214,0.021,0.273,-0.091,1.327,5353,4807;
80233,0.083,0.944,-0.122,-0.017,0.265,-0.015,0.273,-0.091,1.327,5339,4783;
80253,0.120,0.966,-0.108,-0.008,0.278,-0.042,0.091,0.091,-0.408,5338,4768;
80293,0.124,0.970,-0.140,0.024,0.288,-0.080,0.091,0.091,-0.408,5341,4730;
80333,0.117,0.940,-0.133,0.056,0.420,-0.129,-0.091,0.182,-1.327,5326,4659;
80363,0.083,0.929,-0.143,-0.012,0.594,-0.176,-0.091,0.182,-1.327,5309,4682;
80383,0.113,0.895,-0.199,-0.016,0.761,-0.233,-0.091,0.182,-1.327,5303,4680;
80413,0.173,0.910,-0.150,-0.086,0.765,-0.223,-0.273,-0.091,0.306,5305,4675;
80443,0.207,0.940,-0.112,-0.127,0.667,-0.158,-0.273,-0.091,0.306,5287,4652;
80473,0.215,0.951,-0.150,-0.080,0.741,-0.047,-0.182,0.091,-0.306,5293,4655;
80493,0.181,0.974,-0.126,-0.148,0.789,0.030,-0.182,0.091,-0.306,5308,4664;
80523,0.154,1.004,-0.168,-0.203,0.863,0.066,-0.182,0.091,-0.306,5331,4667;
80553,0.260,1.090,-0.182,-0.166,1.049,0.039,-0.182,0.091,-0.306,5357,4665;
80573,0.324,1.113,-0.182,-0.044,1.133,-0.007,-0.182,0.091,-0.306,5380,4689;
80603,0.331,1.139,-0.136,0.124,1.124,0.024,-0.091,0.000,-0.714,5394,4771;
80623,0.346,1.222,-0.021,-0.108,0.739,0.138,-0.091,0.000,-0.714,5393,4820;
80673,0.350,1.500,-0.024,-0.631,0.297,0.552,-0.091,0.000,-0.714,5448,4801;
80703,-0.120,1.143,0.258,-0.625,0.121,0.368,-0.182,0.182,-0.306,5611,4736;
80733,-0.403,0.929,0.168,-0.101,0.637,-0.030,-0.091,0.091,0.102,5636,4793;
80763,-0.147,0.929,0.175,0.245,0.385,-0.103,-0.091,0.091,0.102,5602,4904;
80793,0.000,0.959,0.035,0.209,0.338,-0.072,0.000,0.182,0.102,5575,4955;
80823,0.083,0.902,0.066,-0.024,0.209,-0.010,0.000,0.182,0.102,5570,4947;
80853,-0.041,0.925,0.077,-0.090,0.208,-0.015,0.000,0.182,0.102,5585,4917;
80883,-0.068,1.000,0.021,0.149,0.478,-0.106,0.091,0.364,1.939,5601,4930;
80903,0.015,1.072,0.049,0.211,0.470,-0.168,0.091,0.364,1.939,5608,4988;
80933,0.072,1.064,0.045,0.285,0.399,-0.198,-0.091,0.091,0.102,5628,4973;
80973,0.132,0.921,0.017,0.234,0.279,-0.188,-0.091,0.091,0.102,5678,5008;
80993,0.072,0.857,-0.021,0.199,0.321,-0.225,-0.091,0.091,0.102,5688,5014;
81023,0.053,0.906,-0.028,0.288,0.278,-0.254,-0.091,0.000,-0.408,5690,5009;
81053,0.113,0.966,-0.042,0.227,0.217,-0.211,-0.091,0.000,-0.408,5681,4990;
81093,0.136,0.948,-0.101,0.148,0.153,-0.197,0.000,-0.091,-1.122,5705,4988;
81113,0.154,0.906,-0.098,0.205,0.017,-0.129,0.000,-0.091,-1.122,5709,4995;
81153,0.139,0.899,-0.122,0.267,-0.093,-0.073,-0.091,0.000,-0.102,5709,4947;
81183,0.139,0.880,-0.129,0.226,-0.255,-0.013,-0.091,0.000,-0.102,5690,4971;
81213,0.147,0.914,-0.140,0.384,-0.427,0.101,0.091,-0.182,0.102,5655,4944;
81233,0.128,0.944,-0.133,0.421,-0.595,0.092,0.091,-0.182,0.102,5635,4900;
81263,0.136,0.959,-0.133,0.341,-0.713,0.050,0.091,-0.182,0.102,5616,4859;
81293,0.068,1.034,-0.206,0.238,-0.681,0.008,0.182,0.182,-0.714,5606,4847;
81323,0.041,1.136,-0.255,0.291,-0.639,0.022,0.182,0.182,-0.714,5617,4814;
81353,0.068,1.188,-0.297,0.364,-0.571,0.085,0.000,-0.182,-0.306,5613,4764;
81383,0.098,1.169,-0.349,0.556,-0.559,0.062,0.000,-0.182,-0.306,5620,4768;
81413,0.056,1.312,-0.084,0.229,-0.033,-0.255,0.091,0.182,-0.408,5584,4761;
81433,-0.124,1.587,0.070,0.028,0.176,-0.494,0.091,0.182,-0.408,5530,4741;
81463,-0.256,1.331,0.080,0.403,0.363,-0.447,0.091,0.182,-0.408,5509,4743;
81493,0.011,0.587,0.140,0.401,0.166,-0.415,0.091,-0.636,0.000,5502,4778;
81523,0.226,0.933,0.045,0.310,-0.200,0.018,0.091,-0.636,0.000,5475,4781;
81553,0.192,0.981,0.154,0.177,-0.242,0.251,0.091,-0.636,0.000,5450,4771;
81583,0.045,0.910,0.136,0.041,-0.064,0.311,0.091,0.000,-0.102,5453,4736;
81613,-0.068,0.955,0.080,0.136,0.080,0.242,0.091,0.000,-0.102,5449,4752;
81633,-0.030,0.944,0.017,0.240,0.239,0.154,0.091,0.182,0.102,5432,4761;
81663,0.056,0.872,-0.010,0.132,0.300,0.081,0.091,0.182,0.102,5397,4763;
81693,0.053,0.917,-0.024,-0.036,0.414,0.070,-0.091,0.000,-0.306,5372,4753;
81723,0.075,0.963,-0.052,-0.030,0.463,0.064,-0.091,0.000,-0.306,5357,4778;
81753,0.087,0.981,-0.042,0.013,0.416,-0.007,0.000,-0.182,0.102,5344,4782;
81793,0.132,0.959,-0.045,0.045,0.321,-0.040,0.000,-0.182,0.102,5332,4764;
81823,0.143,0.929,-0.091,-0.004,0.268,-0.061,0.000,0.091,-0.204,5329,4759;
81843,0.083,0.978,-0.087,-0.074,0.289,-0.064,0.000,0.091,-0.204,5316,4744;
81873,0.072,1.004,-0.094,-0.025,0.334,-0.050,0.000,0.091,-0.204,5299,4736;
81913,0.094,0.955,-0.105,0.002,0.438,-0.064,-0.091,-0.091,0.102,5303,4733;
81933,0.128,0.929,-0.101,-0.074,0.486,-0.090,-0.091,-0.091,0.102,5294,4721;
81973,0.143,0.936,-0.101,-0.084,0.522,-0.130,0.091,0.818,0.612,5282,4704;
82003,0.147,0.936,-0.136,0.001,0.577,-0.177,0.091,0.818,0.612,5284,4704;
82023,0.147,0.921,-0.154,-0.018,0.617,-0.170,0.091,-0.091,-0.204,5281,4696;
82053,0.177,0.917,-0.143,-0.041,0.595,-0.166,0.091,-0.091,-0.204,5270,4678;
82083,0.203,0.955,-0.147,-0.056,0.663,-0.132,0.091,-0.091,-0.204,5262,4676;
82113,0.226,0.978,-0.182,0.032,0.635,-0.117,-0.091,0.000,-0.714,5260,4669;
82143,0.233,1.015,-0.178,-0.013,0.639,-0.081,-0.091,0.000,-0.714,5259,4655;
82173,0.230,1.038,-0.217,-0.041,0.832,0.002,-0.364,0.000,0.000,5264,4663;
82203,0.237,1.068,-0.244,0.059,0.880,0.121,-0.364,0.000,0.000,5302,4728;
82233,0.312,1.260,-0.052,-0.302,0.429,0.290,-0.273,-0.636,0.102,5332,4745;
82253,0.290,1.481,-0.094,-0.544,0.396,0.504,-0.273,-0.636,0.102,5375,4725;
82283,0.312,1.387,0.035,-0.792,-0.006,0.410,-0.273,-0.636,0.102,5466,4628;
82323,-0.053,1.000,0.251,-0.273,0.107,0.260,0.000,-0.182,-0.102,5561,4618;
82343,-0.263,0.944,0.119,-0.013,0.251,0.018,0.000,-0.182,-0.102,5602,4650;
82373,-0.184,0.902,0.077,0.265,0.561,-0.070,0.182,-0.091,-0.306,5596,4678;
82413,-0.030,0.993,0.052,0.282,0.594,0.012,0.182,-0.091,-0.306,5548,4757;
82443,0.015,1.008,0.052,0.170,0.448,0.000,0.000,0.091,-0.816,5553,4759;
82473,0.041,0.959,0.049,0.135,0.355,-0.068,0.000,0.091,-0.816,5577,4754;
82493,0.015,0.978,0.017,0.143,0.226,-0.191,0.000,0.091,-0.816,5598,4762;
82523,0.064,1.011,0.014,0.169,0.080,-0.271,-0.091,0.091,-1.327,5622,4795;
82543,0.079,1.023,0.035,0.216,-0.085,-0.290,-0.091,0.091,-1.327,5648,4805;
82584,0.087,0.925,-0.021,0.170,-0.187,-0.236,0.091,0.818,-0.612,5695,4834;
82623,0.068,0.917,-0.063,0.106,-0.238,-0.197,0.091,0.818,-0.612,5742,4887;
82653,0.105,0.925,-0.045,0.075,-0.311,-0.176,0.182,0.182,0.000,5757,4886;
82683,0.102,0.944,-0.056,0.123,-0.334,-0.140,0.182,0.182,0.000,5776,4849;
82713,0.079,0.925,-0.052,0.089,-0.345,-0.100,0.091,-0.182,-0.306,5787,4893;
82733,0.056,0.891,-0.087,0.152,-0.271,-0.033,0.091,-0.182,-0.306,5805,4895;
82763,0.045,0.906,-0.112,0.219,-0.236,0.059,0.091,-0.182,-0.306,5803,4886;
82803,0.056,0.940,-0.136,0.234,-0.209,0.151,0.000,0.000,-0.306,5774,4863;
82823,0.030,0.944,-0.122,0.171,-0.228,0.161,0.000,0.000,-0.306,5772,4859;
82853,0.008,0.944,-0.185,0.187,-0.151,0.117,0.091,-0.091,0.000,5758,4851;
82883,0.056,1.008,-0.175,0.110,-0.132,0.029,0.091,-0.091,0.000,5743,4853;
82913,0.102,0.989,-0.168,0.117,-0.164,-0.040,-0.091,0.273,0.000,5751,4840;
82943,0.079,1.000,-0.164,0.104,-0.316,-0.072,-0.091,0.273,0.000,5753,4851;
82973,0.094,1.068,-0.258,0.203,-0.282,-0.063,-0.091,0.273,0.000,5752,4875;
83003,0.151,1.121,-0.297,0.169,-0.263,-0.046,0.091,0.091,-0.612,5735,4868;
83033,0.181,1.124,-0.304,0.295,-0.358,-0.001,0.091,0.091,-0.612,5763,4859;
83063,0.136,1.072,-0.335,0.330,-0.386,0.016,-0.091,0.000,-0.714,5751,4829;
83093,0.049,1.177,-0.213,0.178,0.069,-0.147,-0.091,0.000,-0.714,5699,4770;
83123,-0.297,1.327,0.031,0.219,0.554,-0.333,0.182,0.636,1.122,5645,4827;
83153,-0.233,1.136,0.003,0.554,0.769,-0.307,0.182,0.636,1.122,5629,4865;
83193,0.079,0.714,0.045,0.402,0.563,-0.125,0.182,0.636,0.714,5572,4857;
83213,0.256,0.989,0.094,0.159,0.177,0.089,0.182,0.636,0.714,5533,4815;
83243,0.162,1.015,0.098,0.178,0.062,0.192,0.182,0.636,0.714,5518,4809;
83273,0.011,0.966,0.056,0.236,0.055,0.199,0.000,-0.182,0.408,5502,4785;
83303,-0.008,0.914,-0.010,0.227,0.165,0.080,0.000,-0.182,0.408,5468,4787;
83333,0.079,0.921,-0.024,0.180,0.234,0.046,-0.091,0.091,0.306,5464,4773;
83353,0.068,0.914,-0.003,-0.006,0.255,0.055,-0.091,0.091,0.306,5450,4787;
83383,0.068,0.940,-0.007,-0.115,0.373,0.063,-0.091,0.000,0.102,5434,4792;
83423,0.030,0.989,-0.070,-0.064,0.396,0.013,-0.091,0.000,0.102,5420,4774;
83443,0.083,0.978,-0.070,0.024,0.435,-0.002,-0.091,0.000,0.102,5413,4790;
83473,0.132,0.951,-0.115,-0.012,0.399,0.013,0.000,0.091,-0.306,5407,4771;
83503,0.173,0.925,-0.105,-0.074,0.351,-0.011,0.000,0.091,-0.306,5403,4737;
83533,0.162,0.944,-0.112,-0.044,0.283,-0.015,-0.091,-0.091,0.204,5401,4744;
83563,0.113,0.966,-0.133,-0.041,0.293,-0.034,-0.091,-0.091,0.204,5395,4740;
83593,0.094,0.940,-0.136,-0.019,0.348,-0.076,-0.091,0.000,-0.102,5393,4729;
83623,0.105,0.925,-0.129,-0.006,0.442,-0.085,-0.091,0.000,-0.102,5386,4711;
83643,0.143,0.936,-0.126,-0.005,0.606,-0.120,-0.091,0.000,-0.102,5372,4697;
83673,0.143,0.933,-0.164,0.010,0.679,-0.161,0.000,-0.091,-0.306,5364,4670;
83713,0.154,0.933,-0.150,-0.058,0.733,-0.164,0.000,-0.091,-0.306,5349,4637;
83743,0.184,0.959,-0.133,-0.091,0.732,-0.097,0.091,-0.091,1.429,5324,4603;
83773,0.215,0.970,-0.140,-0.027,0.674,-0.047,0.091,-0.091,1.429,5292,4576;
83803,0.237,1.008,-0.161,-0.034,0.682,-0.025,0.000,0.273,-1.633,5282,4578;
83833,0.248,1.075,-0.196,-0.112,0.693,-0.068,0.000,0.273,-1.633,5278,4576;
83853,0.260,1.094,-0.203,-0.083,0.871,-0.078,0.000,0.273,-1.633,5286,4576;
83883,0.241,1.087,-0.178,0.044,0.894,-0.045,0.091,0.273,1.224,5294,4598;
83913,0.252,1.188,-0.143,0.027,0.656,0.123,0.091,0.273,1.224,5310,4594;
83953,0.230,1.365,-0.224,-0.229,0.639,0.418,-0.364,0.091,0.000,5345,4629;
83983,0.316,1.286,0.105,-0.491,0.322,0.324,-0.364,0.091,0.000,5419,4609;
84013,-0.015,0.985,0.290,-0.297,0.075,0.204,0.000,-0.091,-0.204,5485,4581;
84043,-0.256,0.925,0.157,-0.049,0.384,-0.002,0.000,-0.091,-0.204,5523,4658;
84063,-0.173,1.038,0.115,0.109,0.596,0.010,-0.182,0.000,0.306,5510,4683;
84093,-0.094,1.090,0.028,0.177,0.642,0.007,-0.182,0.000,0.306,5501,4713;
84113,-0.026,1.038,0.010,0.220,0.574,-0.042,-0.182,0.000,0.306,5500,4705;
84144,0.075,0.966,0.007,0.209,0.455,-0.106,-0.091,-0.091,0.000,5519,4730;
84193,0.117,0.955,0.014,0.093,0.157,-0.251,-0.091,-0.091,0.000,5600,4804;
84223,0.030,0.933,-0.010,0.157,0.041,-0.268,-0.182,0.182,-0.102,5648,4834;
84243,0.026,0.925,-0.017,0.134,0.023,-0.237,-0.182,0.182,-0.102,5667,4853;
84273,0.038,0.891,-0.049,0.117,-0.001,-0.194,0.000,0.000,0.000,5668,4880;
84303,0.064,0.914,-0.038,0.155,0.005,-0.130,0.000,0.000,0.000,5676,4900;
84323,0.094,0.940,-0.049,0.191,-0.023,-0.070,0.000,0.000,0.000,5674,4908;
84363,0.072,0.948,-0.084,0.117,-0.022,-0.051,-0.091,-0.364,0.204,5695,4938;
84403,0.068,0.959,-0.098,0.089,0.019,-0.051,-0.091,-0.364,0.204,5702,4959;
84433,0.094,0.936,-0.087,0.151,-0.143,-0.007,-0.091,-0.091,-0.102,5716,4960;
84453,0.120,0.951,-0.133,0.172,-0.198,-0.005,-0.091,-0.091,-0.102,5722,4967;
84483,0.113,0.929,-0.115,0.104,-0.244,0.008,0.182,-0.636,-1.531,5736,4951;
84513,0.098,0.929,-0.150,0.177,-0.228,0.019,0.182,-0.636,-1.531,5743,4979;
84543,0.087,0.936,-0.143,0.199,-0.288,0.035,-0.091,-0.909,-0.306,5750,4981;
84583,0.072,0.978,-0.157,0.159,-0.304,-0.024,-0.091,-0.909,-0.306,5754,4954;
84603,0.083,0.985,-0.196,0.161,-0.350,-0.038,0.091,0.182,0.204,5760,4957;
84633,0.143,0.974,-0.206,0.183,-0.501,-0.030,0.091,0.182,0.204,5755,4946;
84663,0.147,1.030,-0.265,0.282,-0.643,0.002,0.091,0.182,0.204,5791,4953;
84683,0.113,1.011,-0.286,0.274,-0.671,0.044,-0.091,0.091,-0.306,5825,4944;
84713,0.079,0.981,-0.276,0.147,-0.721,0.057,-0.091,0.091,-0.306,5852,4922;
84743,-0.008,1.083,-0.126,-0.144,-0.120,-0.132,-0.091,-0.818,-0.306,5831,4889;
84773,-0.215,1.538,0.021,-0.234,0.192,-0.381,-0.091,-0.818,-0.306,5756,4862;
84813,-0.286,1.466,-0.038,0.227,0.677,-0.560,-0.091,-0.818,-0.306,5793,4920;
84843,-0.083,1.068,-0.080,0.484,0.798,-0.444,-0.091,-0.091,-0.204,5809,4942;
84863,0.169,0.936,0.010,0.232,0.437,-0.182,-0.091,-0.091,-0.204,5791,4975;
84893,0.196,0.884,0.059,0.219,0.138,0.027,-0.182,0.182,-0.510,5795,4966;
84923,0.102,0.872,0.073,0.125,0.029,0.112,-0.182,0.182,-0.510,5791,4937;
84953,0.019,0.906,0.105,-0.010,0.118,0.085,-0.182,0.182,-0.510,5784,4917;
84983,-0.004,0.948,0.059,0.074,0.186,0.040,0.091,-0.909,-1.531,5774,4910;
85013,0.072,0.959,0.052,0.214,0.151,0.073,0.000,0.091,-0.102,5740,4903;
85043,0.064,0.996,0.007,0.158,0.215,0.181,0.000,0.091,-0.102,5685,4815;
85063,0.072,1.008,0.010,0.165,0.256,0.210,0.000,0.091,-0.102,5637,4908;
85093,0.041,0.955,-0.007,0.113,0.260,0.176,0.091,0.000,-0.510,5619,4901;
85123,0.045,0.951,0.000,0.049,0.246,0.147,0.091,0.000,-0.510,5602,4884;
85153,0.068,0.948,-0.017,0.035,0.316,0.127,0.091,0.000,-0.510,5580,4881;
85183,0.072,0.970,-0.042,0.068,0.346,0.108,0.091,-0.273,-1.939,5582,4855;
85213,0.087,0.959,-0.091,0.123,0.356,0.070,0.091,-0.273,-1.939,5568,4855;
85243,0.139,0.970,-0.080,0.104,0.364,0.032,-0.091,-0.818,-0.306,5555,4822;
85263,0.143,0.963,-0.101,0.053,0.380,0.008,-0.091,-0.818,-0.306,5541,4837;
85293,0.083,0.974,-0.129,0.078,0.401,-0.008,0.091,0.000,0.102,5537,4822;
85323,0.094,0.970,-0.140,0.138,0.489,-0.027,0.091,0.000,0.102,5524,4797;
85353,0.128,0.929,-0.182,0.056,0.600,-0.070,0.091,0.000,0.102,5507,4769;
85383,0.173,0.895,-0.185,-0.022,0.500,-0.113,0.091,0.091,-1.429,5495,4746;
85413,0.177,0.895,-0.178,-0.068,0.391,-0.119,0.091,0.091,-1.429,5490,4730;
85443,0.207,0.917,-0.157,-0.068,0.526,-0.096,-0.182,0.545,0.204,5482,4700;
85463,0.173,0.936,-0.168,-0.154,0.648,-0.056,-0.182,0.545,0.204,5486,4730;
85493,0.188,0.966,-0.168,-0.164,0.770,-0.005,0.091,0.182,0.000,5477,4734;
85523,0.215,1.004,-0.133,-0.248,0.796,0.028,0.091,0.182,0.000,5457,4704;
85553,0.230,1.060,-0.119,-0.231,0.841,-0.023,0.091,0.182,0.000,5463,4688;
85583,0.230,1.075,-0.220,-0.121,0.987,-0.138,0.091,0.545,0.000,5483,4722;
85623,0.339,1.117,-0.178,0.052,0.914,-0.127,0.091,0.545,0.000,5507,4805;
85653,0.361,1.339,-0.014,0.019,0.391,0.072,0.000,0.091,-0.102,5505,4755;
85673,0.256,1.418,-0.073,-0.526,0.274,0.633,0.000,0.091,-0.102,5527,4778;
85703,0.271,1.275,-0.003,-0.804,0.102,0.565,0.000,-0.091,0.000,5584,4756;
85733,-0.177,1.075,0.150,-0.073,0.397,0.244,0.000,-0.091,0.000,5649,4763;
85763,-0.215,0.854,0.091,0.322,0.534,0.028,0.000,-0.091,0.000,5644,4875;
85793,0.008,1.008,0.105,0.392,0.335,0.102,0.000,-0.909,0.306,5627,4885;
85823,0.068,0.989,0.063,0.069,0.327,0.174,0.000,-0.909,0.306,5609,4890;
85853,0.000,0.948,0.080,-0.040,0.183,0.130,0.000,-0.182,0.000,5628,4867;
85873,-0.023,0.974,0.035,0.138,0.197,0.027,0.000,-0.182,0.000,5666,4864;
85903,0.094,1.030,0.031,0.283,0.146,-0.064,-0.091,-0.364,-0.306,5679,4889;
85933,0.068,1.030,0.014,0.329,0.055,-0.108,-0.091,-0.364,-0.306,5705,4904;
85963,0.064,0.940,-0.014,0.301,0.018,-0.104,-0.091,-0.364,-0.306,5741,4915;
85993,0.064,0.895,-0.056,0.212,0.069,-0.112,0.182,0.182,-0.102,5766,4948;
86023,0.105,0.884,-0.038,0.084,-0.038,-0.117,0.182,0.182,-0.102,5787,4977;
86043,0.166,0.902,-0.059,0.017,-0.076,-0.123,0.182,0.091,0.000,5798,4976;
86073,0.147,0.959,-0.080,0.024,-0.100,-0.078,0.182,0.091,0.000,5802,4947;
86103,0.117,0.936,-0.094,-0.007,-0.143,-0.036,0.182,0.091,0.000,5826,4946;
86133,0.162,0.891,-0.129,0.013,-0.231,-0.016,0.000,-0.182,1.531,5826,4943;
86163,0.184,0.921,-0.154,0.025,-0.308,-0.001,0.000,-0.182,1.531,5801,4882;
86193,0.218,0.966,-0.154,0.102,-0.452,0.042,0.273,0.000,0.816,5797,4908;
86223,0.188,0.963,-0.175,0.141,-0.509,0.040,0.273,0.000,0.816,5784,4891;
86253,0.154,0.948,-0.175,0.183,-0.525,-0.010,0.000,-0.091,-0.204,5782,4872;
86283,0.087,1.030,-0.161,0.172,-0.528,-0.104,0.000,-0.091,-0.204,5780,4888;
86303,0.072,0.996,-0.196,0.205,-0.438,-0.146,0.000,-0.091,-0.204,5771,4895;
86343,0.060,1.004,-0.220,0.279,-0.420,-0.197,-0.182,0.091,-0.102,5765,4916;
86363,0.083,1.011,-0.265,0.273,-0.444,-0.202,-0.182,0.091,-0.102,5760,4891;
86393,0.124,1.015,-0.279,0.296,-0.512,-0.194,-0.091,-0.091,-0.408,5748,4896;
86423,0.008,1.181,-0.094,0.025,0.114,-0.331,-0.091,-0.091,-0.408,5713,4881;
86453,-0.139,1.587,0.038,-0.103,0.375,-0.572,0.273,0.000,1.122,5656,4859;
86483,-0.275,1.399,-0.112,0.693,0.909,-0.459,0.273,0.000,1.122,5632,4857;
86513,0.045,0.944,-0.024,0.630,1.081,-0.270,-0.182,0.091,1.837,5604,4882;
86543,0.309,0.869,0.122,0.172,0.568,-0.212,-0.182,0.091,1.837,5585,4883;
86583,0.226,0.869,0.108,0.049,0.203,0.081,-0.182,0.091,1.837,5586,4881;
86603,0.098,0.929,0.105,0.104,0.138,0.244,-0.091,0.182,-0.102,5587,4888;
86633,0.049,0.929,0.080,0.119,0.211,0.249,-0.091,0.182,-0.102,5588,4875;
86663,0.038,0.933,0.021,0.200,0.328,0.177,0.091,0.273,0.102,5588,4902;
86683,0.030,0.914,0.031,0.165,0.307,0.171,0.091,0.273,0.102,5562,4906;
86713,0.045,0.959,0.035,0.188,0.321,0.168,0.091,0.273,0.102,5550,4898;
86743,0.049,0.959,-0.024,0.137,0.416,0.142,0.000,0.273,-0.306,5523,4897;
86783,0.090,0.970,-0.080,0.075,0.480,0.143,0.000,0.273,-0.306,5500,4866;
86813,0.184,0.925,-0.070,0.086,0.324,0.129,0.000,1.000,0.102,5489,4878;
86853,0.196,0.914,-0.098,0.030,0.270,0.121,0.000,1.000,0.102,5482,4859;
86873,0.162,0.981,-0.112,-0.087,0.197,0.083,-0.273,0.273,0.102,5480,4822;
86903,0.117,0.981,-0.126,-0.045,0.284,0.053,-0.273,0.273,0.102,5470,4841;
86933,0.143,0.959,-0.136,0.028,0.325,-0.002,0.091,0.091,-0.204,5448,4817;
86963,0.128,0.933,-0.161,0.012,0.426,-0.049,0.091,0.091,-0.204,5417,4814;
86993,0.117,0.959,-0.133,-0.136,0.493,-0.064,0.091,0.091,-0.204,5381,4807;
87023,0.136,0.966,-0.129,-0.092,0.625,-0.097,0.000,-0.091,-0.102,5375,4799;
87053,0.158,0.910,-0.140,-0.030,0.709,-0.124,0.000,-0.091,-0.102,5356,4780;
87083,0.188,0.884,-0.161,-0.025,0.669,-0.126,0.091,0.091,0.102,5354,4754;
87113,0.248,0.891,-0.161,-0.046,0.600,-0.107,0.091,0.091,0.102,5346,4772;
87133,0.279,0.917,-0.143,-0.092,0.597,-0.081,-0.091,-0.091,0.306,5338,4747;
87173,0.252,0.966,-0.119,-0.124,0.599,-0.102,-0.091,-0.091,0.306,5297,4722;
87203,0.245,0.981,-0.136,-0.097,0.639,-0.124,0.273,0.091,-0.102,5323,4713;
87233,0.282,1.008,-0.171,-0.110,0.750,-0.152,0.273,0.091,-0.102,5347,4734;
87263,0.316,1.072,-0.171,-0.136,0.857,-0.174,0.273,-0.182,-0.510,5378,4764;
87293,0.312,1.139,-0.192,-0.001,1.132,-0.189,0.273,-0.182,-0.510,5412,4850;
87323,0.350,1.143,-0.182,0.240,1.093,-0.103,0.273,-0.182,-0.510,5445,4944;
87353,0.395,1.263,-0.073,0.134,0.374,0.117,0.000,-0.091,-0.408,5455,4917;
87383,0.241,1.433,-0.084,-0.093,0.282,0.359,0.000,-0.091,-0.408,5484,4937;
87423,0.312,1.188,0.175,-0.402,-0.296,0.385,0.091,0.000,0.306,5567,4899;
87453,-0.324,1.173,0.087,0.155,0.024,0.041,0.091,0.000,0.306,5616,4892;
87483,-0.245,1.064,0.080,0.515,0.300,-0.095,0.091,-0.182,0.102,5632,4953;
87513,-0.041,0.925,0.014,0.503,0.364,-0.161,0.091,-0.182,0.102,5636,4980;
87543,0.026,0.869,0.035,0.198,0.297,-0.231,0.000,-0.182,-0.306,5636,4995;
87583,0.053,0.857,0.077,-0.022,0.063,-0.141,0.000,-0.182,-0.306,5665,5004;
87613,0.038,0.917,0.021,0.097,-0.058,-0.165,0.000,0.000,-0.408,5701,5017;
87643,0.023,0.996,-0.003,0.164,-0.083,-0.174,0.000,0.000,-0.408,5741,5014;
87673,0.026,0.970,-0.021,0.107,-0.015,-0.205,-0.182,-0.182,-0.816,5761,5009;
87703,0.023,0.978,-0.052,0.168,0.010,-0.183,-0.182,-0.182,-0.816,5780,4992;
87723,0.045,0.989,-0.080,0.223,0.029,-0.168,-0.182,-0.182,-0.816,5795,5036;
87753,0.117,0.948,-0.080,0.151,0.023,-0.137,0.000,0.000,-0.306,5808,5031;
87783,0.109,0.955,-0.091,0.141,-0.042,-0.109,0.000,0.000,-0.306,5825,5015;
87813,0.120,0.933,-0.091,0.066,-0.193,-0.100,0.000,-0.182,-0.102,5833,5016;
87843,0.128,0.936,-0.101,0.091,-0.288,-0.067,0.000,-0.182,-0.102,5862,5031;
87883,0.094,0.940,-0.119,0.153,-0.378,0.019,0.000,-0.182,-0.102,5880,5027;
87903,0.087,0.899,-0.161,0.062,-0.523,0.053,0.273,0.000,0.204,5880,5000;
87933,0.098,0.933,-0.108,0.064,-0.594,0.072,0.273,0.000,0.204,5870,5032;
87963,0.075,0.925,-0.119,0.206,-0.578,0.118,0.091,-0.182,0.102,5849,5019;
87993,0.056,0.906,-0.168,0.204,-0.522,0.147,0.091,-0.182,0.102,5842,5006;
88023,0.045,0.955,-0.196,0.125,-0.537,0.109,0.000,-0.091,0.102,5826,5014;
88053,0.053,1.049,-0.185,0.120,-0.441,0.074,0.000,-0.091,0.102,5807,4970;
88093,0.056,1.000,-0.203,0.140,-0.481,0.087,0.000,0.818,-1.429,5794,4963;
88113,0.075,1.053,-0.206,0.113,-0.509,0.075,0.000,0.818,-1.429,5776,4973;
88143,0.060,1.060,-0.265,0.107,-0.533,0.119,0.000,0.818,-1.429,5784,4968;
88163,0.072,1.023,-0.272,0.119,-0.634,0.126,-0.091,0.000,0.000,5785,4962;
88213,0.098,0.981,-0.290,0.187,-0.639,0.127,-0.091,0.000,0.000,5781,4905;
88243,-0.038,1.237,0.042,-0.431,-0.024,-0.210,0.000,-0.364,-0.408,5744,4950;
88273,-0.290,1.361,0.028,-0.028,0.522,-0.322,0.000,-0.364,-0.408,5720,4967;
88303,-0.154,1.158,-0.115,0.401,0.595,-0.356,0.000,0.000,-0.408,5707,4989;
88323,0.215,1.011,-0.031,0.204,0.455,-0.255,0.000,0.000,-0.408,5685,4983;
88353,0.222,1.023,0.126,-0.036,0.115,-0.119,0.182,-0.091,-0.408,5668,4944;
88383,0.120,0.978,0.087,-0.001,0.050,-0.015,0.182,-0.091,-0.408,5670,4952;
88403,-0.008,0.891,0.052,0.024,0.085,0.030,0.182,-0.091,-0.408,5677,4907;
88445,0.030,0.902,0.084,-0.164,0.203,-0.021,0.182,1.000,-0.510,5685,4967;
88483,0.075,0.981,0.087,-0.017,0.197,-0.057,0.182,1.000,-0.510,5702,4973;
88513,0.038,0.910,0.042,-0.079,0.284,0.067,0.182,0.273,-0.102,5686,4987;
88543,0.049,0.974,0.035,-0.144,0.415,0.058,0.182,0.273,-0.102,5669,5004;
88563,0.083,1.045,0.052,-0.130,0.432,0.010,0.182,-0.091,0.204,5661,4988;
88593,0.105,1.000,0.066,-0.110,0.351,-0.028,0.182,-0.091,0.204,5669,4998;
88623,0.098,1.008,0.080,-0.096,0.240,-0.055,0.182,-0.091,0.204,5665,4955;
88653,0.064,0.989,0.038,-0.036,0.226,-0.041,0.091,0.000,-0.102,5663,4979;
88683,0.068,0.981,0.028,-0.033,0.191,-0.001,0.091,0.000,-0.102,5656,4985;
88713,0.075,0.993,0.031,-0.013,0.209,0.007,0.182,0.273,-0.306,5663,4991;
88733,0.075,0.989,0.021,0.008,0.197,0.018,0.182,0.273,-0.306,5652,4990;
88763,0.087,1.008,0.035,-0.039,0.204,0.012,0.091,0.182,0.102,5658,4992;
88803,0.060,1.030,0.038,-0.066,0.256,-0.021,0.091,0.182,0.102,5659,4991;
88833,0.038,1.015,0.021,-0.017,0.280,-0.032,0.273,0.182,-0.306,5657,4987;
88863,0.053,1.004,0.038,0.007,0.259,-0.019,0.273,0.182,-0.306,5652,4999;
88893,0.079,1.000,0.021,0.016,0.257,-0.012,0.273,0.182,-0.306,5647,5005;
88923,0.075,0.989,-0.003,0.041,0.208,-0.015,0.091,0.182,-0.510,5647,5005;
88953,0.094,0.996,0.000,-0.010,0.195,-0.017,0.091,0.182,-0.510,5651,5005;
88983,0.102,1.038,0.021,0.029,0.154,-0.053,0.000,0.000,-0.204,5652,4992;
89013,0.041,1.004,-0.003,0.063,0.131,-0.066,0.000,0.000,-0.204,5655,4972;
89053,0.041,1.004,0.017,0.061,0.178,-0.058,-0.091,-0.364,0.000,5651,4998;
89073,0.068,1.019,0.007,0.062,0.250,-0.035,-0.091,-0.364,0.000,5646,4993;
89103,0.075,1.019,0.000,0.053,0.221,-0.030,0.091,-0.182,-0.612,5647,4987;
89123,0.087,0.996,-0.003,0.066,0.187,-0.039,0.091,-0.182,-0.612,5654,4968;
89153,0.072,0.996,-0.003,0.056,0.164,-0.036,0.091,-0.182,-0.612,5655,4989;
89183,0.045,1.000,-0.007,0.059,0.171,-0.041,-0.364,-0.091,-0.102,5653,4989;
89213,0.049,1.000,-0.014,0.064,0.192,-0.046,-0.364,-0.091,-0.102,5653,4985;
89243,0.060,1.023,-0.014,0.087,0.205,-0.035,-0.182,0.182,-0.816,5645,4989;
89273,0.072,1.015,-0.017,0.101,0.199,-0.023,-0.182,0.182,-0.816,5651,4992;
89303,0.068,1.004,-0.021,0.086,0.188,-0.002,-0.182,0.182,-0.816,5644,4979;
89323,0.060,1.030,-0.045,0.097,0.191,-0.010,-0.091,0.091,-0.102,5651,4996;
89353,0.060,1.034,-0.042,0.154,0.210,0.010,-0.091,0.091,-0.102,5647,4998;
89393,0.109,1.008,-0.049,0.155,0.153,0.053,0.000,0.091,-0.102,5639,4989;
89413,0.113,1.004,-0.049,0.121,0.135,0.072,0.000,0.091,-0.102,5640,4975;
89453,0.087,0.993,-0.042,0.058,0.176,0.059,0.182,1.091,0.102,5629,4980;
89473,0.087,1.027,-0.031,0.084,0.231,0.036,0.182,1.091,0.102,5640,4976;
89503,0.094,1.030,-0.035,0.147,0.229,0.010,0.182,1.091,0.102,5635,4987;
89533,0.098,1.015,-0.059,0.143,0.216,0.044,0.000,-0.182,-0.102,5637,4985;
89553,0.109,0.981,-0.038,0.117,0.229,0.063,0.000,-0.182,-0.102,5632,4954;
89583,0.102,0.985,-0.038,0.096,0.253,0.063,0.273,0.727,0.204,5628,4957;
89613,0.083,0.996,-0.042,0.101,0.284,0.074,0.273,0.727,0.204,5619,4960;
89653,0.090,0.981,-0.031,0.140,0.294,0.068,-0.091,-0.182,-0.408,5608,4929;
89683,0.090,0.974,-0.059,0.109,0.310,0.073,-0.091,-0.182,-0.408,5601,4942;
89713,0.124,1.008,-0.031,0.086,0.330,0.069,-0.091,-0.182,-0.408,5597,4950;
89733,0.117,1.015,-0.017,0.079,0.322,0.050,-0.091,-0.091,0.306,5590,4950;
89763,0.117,1.023,-0.014,0.115,0.273,0.052,-0.091,-0.091,0.306,5587,4930;
89793,0.109,1.000,-0.021,0.141,0.260,0.057,0.182,-0.182,-0.204,5581,4934;
89823,0.113,0.996,-0.038,0.118,0.259,0.058,0.182,-0.182,-0.204,5578,4922;
