32293,0.064,1.011,0.010,0.004,-0.035,0.007,0.000,0.636,1.429,5749,5295;
32303,0.053,1.015,0.014,0.008,-0.034,0.001,0.000,0.091,-0.306,5760,5294;
32315,0.053,1.000,0.003,0.011,-0.032,0.008,0.000,0.091,-0.306,5756,5294;
32326,0.056,1.000,0.010,0.008,-0.036,0.011,0.000,0.091,-0.306,5753,5279;
32327,0.060,1.011,0.010,0.012,-0.038,0.007,0.000,-0.636,-0.306,5755,5258;
32328,0.049,1.015,0.031,0.011,-0.034,0.008,0.000,-0.636,-0.306,5755,5289;
32329,0.041,1.000,0.007,0.006,-0.042,0.008,0.000,0.091,-0.510,5754,5286;
32340,0.049,1.004,0.021,0.007,-0.036,0.008,0.000,0.091,-0.510,5753,5280;
32373,0.049,1.000,0.007,0.002,-0.035,0.006,0.182,0.000,-0.306,5761,5295;
32393,0.056,1.011,0.014,0.006,-0.036,0.006,0.182,0.000,-0.306,5752,5296;
32423,0.049,1.019,0.010,0.011,-0.035,0.008,0.182,0.000,-0.306,5751,5252;
32495,0.049,1.015,0.017,0.006,-0.034,0.008,0.000,0.273,1.531,5752,5254;
32553,0.075,1.019,0.024,0.013,-0.055,0.005,0.455,1.091,0.102,5742,5257;
32583,0.049,0.993,0.007,0.006,-0.046,0.006,0.182,-0.182,-0.306,5756,5292;
32613,0.056,0.996,0.007,0.012,-0.038,0.006,0.182,-0.182,-0.306,5756,5292;
32643,0.049,1.004,0.003,0.010,-0.045,0.007,-0.273,0.091,-0.204,5752,5287;
32686,0.045,1.000,0.010,0.010,-0.049,0.011,-0.273,0.091,-0.204,5745,5258;
32723,0.060,1.008,0.014,0.011,-0.046,0.012,0.000,-0.545,-0.204,5751,5270;
32753,0.045,1.011,0.017,0.005,-0.045,0.011,0.000,-0.545,-0.204,5741,5284;
32783,0.053,1.008,0.014,0.004,-0.036,0.008,0.273,-0.273,0.510,5750,5274;
32803,0.068,1.015,0.003,0.007,-0.045,0.018,0.273,-0.273,0.510,5738,5260;
32833,0.060,1.015,0.021,0.008,-0.045,0.010,0.273,-0.273,0.510,5749,5288;
32853,0.056,1.004,0.007,0.005,-0.046,0.012,-0.091,-0.091,-0.408,5748,5280;
32883,0.056,1.008,0.007,-0.004,-0.045,0.013,-0.091,-0.091,-0.408,5748,5287;
32913,0.053,1.008,0.007,0.002,-0.039,0.005,0.000,-0.273,0.000,5747,5286;
32953,0.053,1.011,0.014,-0.010,-0.036,0.005,0.000,-0.273,0.000,5745,5284;
32973,0.056,1.004,0.007,-0.024,-0.033,-0.005,0.182,-0.182,-0.102,5732,5275;
33003,0.045,1.004,0.007,-0.038,-0.028,-0.007,0.182,-0.182,-0.102,5744,5280;
33053,0.045,1.004,0.007,-0.042,-0.017,-0.019,0.182,-0.182,-0.102,5730,5241;
33083,0.056,1.019,0.007,-0.034,-0.021,-0.015,0.000,-0.182,-0.204,5724,5277;
33103,0.045,1.008,0.014,-0.034,-0.013,-0.008,0.000,-0.182,-0.204,5732,5269;
33133,0.049,1.015,0.014,-0.027,-0.032,-0.013,0.000,0.182,-0.306,5734,5275;
33163,0.038,1.008,0.014,-0.042,-0.016,-0.008,0.000,0.182,-0.306,5726,5267;
33193,0.041,1.019,0.017,-0.011,-0.023,0.004,0.273,-0.182,-0.510,5729,5265;
33223,0.034,1.019,0.010,-0.011,-0.062,-0.004,0.273,-0.182,-0.510,5732,5272;
33243,0.034,0.996,0.007,-0.025,-0.038,-0.004,0.273,0.182,-0.306,5731,5271;
33283,0.034,1.004,0.003,-0.032,-0.040,-0.002,0.273,0.182,-0.306,5716,5256;
33313,0.041,1.015,0.010,-0.004,-0.049,0.016,0.273,0.182,-0.306,5714,5270;
33333,0.045,1.023,0.007,0.018,-0.064,0.036,-0.273,-0.182,-0.408,5728,5270;
33373,0.041,1.019,0.010,0.028,-0.066,0.059,-0.273,-0.182,-0.408,5726,5233;
33413,0.056,1.004,0.007,0.057,-0.070,0.106,-0.091,0.818,0.714,5725,5246;
33456,0.060,1.000,-0.031,0.058,-0.125,0.125,-0.091,0.818,0.714,5732,5232;
33518,0.090,0.989,-0.014,0.030,-0.312,0.127,0.000,0.091,0.102,5771,5219;
33553,0.139,0.974,0.003,-0.101,-0.440,0.059,0.364,-0.273,-1.633,5836,5226;
33583,0.136,1.011,0.021,-0.155,-0.460,0.013,0.364,-0.273,-1.633,5854,5202;
33603,0.060,1.064,0.003,-0.067,-0.440,-0.016,0.000,0.182,0.000,5877,5229;
33633,-0.004,1.057,-0.101,0.017,-0.259,-0.059,0.000,0.182,0.000,5889,5213;
33663,0.087,0.981,-0.077,0.001,0.015,-0.025,0.091,0.000,1.224,5861,5222;
33713,0.132,1.011,-0.014,-0.073,-0.023,0.036,0.091,0.000,1.224,5856,5217;
33743,0.098,0.978,-0.021,-0.073,0.095,0.016,0.091,0.273,-1.633,5868,5129;
33773,0.072,0.985,-0.056,0.010,0.222,-0.001,0.091,0.273,-1.633,5835,5248;
33793,0.109,1.000,-0.045,0.092,0.273,-0.035,-0.091,0.000,-0.408,5844,5254;
33823,0.143,0.955,-0.070,0.045,0.272,-0.056,-0.091,0.000,-0.408,5854,5257;
33843,0.147,0.978,-0.080,0.044,0.277,-0.075,-0.091,0.000,-0.408,5837,5246;
33875,0.162,0.996,-0.098,0.151,0.277,-0.107,0.091,0.182,-0.510,5806,5206;
33945,0.222,0.951,-0.119,0.174,0.069,-0.106,-0.182,0.000,-0.408,5788,5151;
33983,0.158,0.959,-0.073,0.073,-0.034,-0.058,-0.182,0.000,-0.408,5792,5149;
34003,0.102,0.955,-0.045,-0.010,0.042,-0.044,0.091,0.273,-0.204,5783,5134;
34033,0.098,0.970,-0.059,-0.021,0.013,0.002,0.091,0.273,-0.204,5790,5121;
34073,0.151,0.974,-0.077,-0.040,0.158,0.008,-0.091,0.909,-0.102,5783,5131;
34142,0.173,1.030,-0.014,-0.161,0.440,-0.081,-0.273,-0.091,-0.714,5802,5167;
34173,0.237,1.166,-0.035,-0.134,0.574,-0.110,-0.273,-0.091,-0.714,5780,5245;
34203,0.301,1.387,0.199,-0.052,0.171,0.000,0.000,-0.273,-0.102,5740,5251;
34223,0.241,1.425,0.045,-0.157,-0.018,0.192,0.000,-0.273,-0.102,5739,5214;
34253,0.203,1.320,0.073,-0.370,-0.036,0.249,0.000,-0.273,-0.102,5747,5198;
34283,0.041,1.169,0.091,-0.200,0.034,0.169,0.091,0.000,-0.204,5770,5177;
34313,-0.068,0.929,0.007,0.161,0.176,-0.008,0.091,0.000,-0.204,5856,5233;
34343,-0.053,0.842,0.049,0.274,0.227,-0.101,-0.091,0.182,-0.102,5886,5278;
34403,-0.079,0.733,0.122,0.215,0.144,0.066,-0.091,0.182,-0.102,5865,5269;
34423,-0.143,0.917,0.007,0.073,0.368,0.236,0.091,0.091,-0.306,5828,5272;
34453,-0.105,0.966,0.007,0.039,0.391,0.236,0.091,0.091,-0.306,5815,5247;
34483,0.015,1.158,0.017,0.195,0.265,0.123,-0.182,-0.182,0.000,5819,5238;
34513,0.094,1.124,0.042,0.232,0.100,0.022,-0.182,-0.182,0.000,5849,5181;
34564,0.079,0.974,0.035,0.268,-0.091,-0.113,0.091,1.000,-1.633,5959,5228;
34593,0.030,0.929,-0.010,0.266,-0.194,-0.220,0.091,1.000,-1.633,5999,5232;
34623,0.023,0.906,-0.038,0.204,-0.265,-0.199,-0.182,0.091,-0.102,6001,5226;
34653,0.038,0.914,-0.021,0.138,-0.368,-0.172,-0.182,0.091,-0.102,5979,5199;
34683,0.023,0.895,-0.028,0.036,-0.392,-0.102,0.000,0.091,-0.102,5960,5183;
34703,0.034,0.917,-0.056,0.135,-0.412,-0.045,0.000,0.091,-0.102,5958,5143;
34733,0.045,0.910,-0.087,0.243,-0.398,0.017,0.000,0.091,-0.102,5953,5155;
34763,0.087,0.929,-0.115,0.287,-0.500,0.115,-0.273,-0.091,1.429,5931,5133;
34783,0.083,0.884,-0.150,0.214,-0.647,0.137,-0.273,-0.091,1.429,5922,5121;
34813,0.098,0.955,-0.171,0.135,-0.685,0.090,-0.091,0.091,-0.306,5893,5076;
34843,0.068,1.015,-0.175,0.140,-0.681,0.012,-0.091,0.091,-0.306,5866,5068;
34863,0.060,1.049,-0.196,0.124,-0.821,0.004,-0.091,0.091,-0.306,5826,5026;
34895,0.030,1.030,-0.220,0.210,-0.816,-0.015,-0.091,0.909,0.306,5799,5027;
34933,0.026,1.057,-0.293,0.265,-0.760,0.036,-0.091,0.909,0.306,5762,5022;
34953,-0.026,1.113,-0.293,0.113,-0.788,0.070,0.000,0.000,0.204,5759,5006;
34983,-0.049,1.139,-0.300,0.087,-0.359,-0.036,0.000,0.000,0.204,5752,4995;
35013,-0.038,1.425,-0.066,-0.098,-0.081,-0.244,0.000,0.000,0.204,5723,4968;
35033,-0.245,1.489,0.052,0.067,0.127,-0.302,0.182,0.000,0.408,5718,4976;
35093,-0.282,1.342,-0.063,0.450,0.329,-0.259,0.182,0.000,0.408,5747,4983;
35123,0.215,0.782,0.122,0.024,-0.307,0.197,-0.091,0.636,-0.102,5736,4980;
35153,0.147,0.906,0.150,0.002,-0.432,0.282,-0.091,0.182,-0.306,5756,4979;
35193,0.045,0.880,0.140,-0.081,-0.450,0.232,-0.091,0.182,-0.306,5738,4964;
35223,0.004,0.981,0.035,0.144,-0.299,0.177,0.091,0.364,-0.102,5690,4967;
35253,0.064,0.966,0.021,0.023,-0.203,0.204,0.091,0.364,-0.102,5681,4968;
35283,0.064,0.963,0.003,-0.051,-0.143,0.246,0.091,0.364,-0.102,5649,4972;
35303,0.049,0.959,0.007,-0.050,-0.140,0.199,-0.182,0.091,-0.204,5629,4963;
35363,0.056,0.951,0.010,-0.008,-0.155,0.153,0.000,0.000,1.429,5610,4985;
35403,0.060,0.940,-0.052,-0.134,0.081,0.091,0.000,0.000,1.429,5619,5013;
35433,0.087,0.959,-0.024,-0.153,0.202,0.000,-0.091,0.091,-0.306,5617,5008;
35453,0.083,0.963,-0.049,-0.124,0.193,-0.072,-0.091,0.091,-0.306,5633,5008;
35483,0.068,0.933,-0.115,-0.132,0.365,-0.131,-0.091,0.091,-0.306,5644,5024;
35513,0.087,0.925,-0.087,-0.274,0.545,-0.200,-0.091,0.091,-0.204,5641,5031;
35553,0.105,0.959,-0.084,-0.211,0.647,-0.256,-0.091,0.091,-0.204,5642,5030;
35593,0.109,0.966,-0.133,-0.174,0.813,-0.250,0.091,-0.182,-0.204,5652,5072;
35623,0.226,0.936,-0.059,-0.246,0.531,-0.159,-0.091,-0.091,-0.102,5659,5067;
35653,0.177,0.996,-0.126,-0.243,0.537,-0.079,-0.091,-0.091,-0.102,5661,5063;
35673,0.128,1.034,-0.154,-0.153,0.504,-0.040,-0.091,-0.091,-0.102,5669,5090;
35703,0.184,1.124,-0.161,-0.119,0.465,-0.016,-0.273,0.000,-0.102,5690,5116;
35733,0.275,1.143,-0.175,-0.178,0.466,0.059,-0.273,0.000,-0.102,5687,5064;
35783,0.199,1.169,-0.227,-0.203,0.851,0.078,0.273,-0.727,-1.327,5762,5154;
35813,0.184,1.226,-0.021,-0.121,0.669,0.136,0.273,-0.727,-1.327,5751,5170;
35833,0.218,1.489,0.168,-0.129,0.181,0.262,0.000,0.182,-0.204,5729,5145;
35863,0.305,1.384,0.272,-0.340,-0.291,0.351,0.000,0.182,-0.204,5732,5085;
35893,-0.124,0.996,0.307,-0.338,-0.276,0.423,0.000,0.182,-0.204,5808,5069;
35943,-0.373,0.966,0.157,0.044,0.242,0.140,-0.182,0.000,-0.204,5853,5091;
35993,0.019,0.902,0.077,0.324,0.270,0.027,-0.182,-0.091,-0.408,5821,5162;
36013,0.083,0.955,0.059,0.228,-0.127,-0.033,-0.182,-0.091,-0.408,5844,5179;
36043,0.019,0.985,0.024,0.172,-0.186,-0.078,-0.091,0.091,-0.306,5868,5155;
36063,0.015,1.011,0.028,0.199,-0.344,-0.069,-0.091,0.091,-0.306,5900,5187;
36093,0.019,1.008,0.031,0.260,-0.546,-0.093,-0.091,0.091,-0.306,5941,5194;
36143,0.053,0.936,-0.003,0.266,-0.612,-0.114,-0.091,-0.091,-0.102,5995,5211;
36175,0.045,0.910,-0.024,0.125,-0.805,-0.104,0.182,-0.182,-0.306,6033,5242;
36223,-0.026,0.861,-0.038,0.137,-0.743,-0.033,0.182,-0.182,-0.306,6045,5214;
36243,-0.034,0.933,-0.073,0.070,-0.591,-0.011,0.091,0.273,-0.306,6016,5187;
36273,0.019,0.869,-0.080,-0.012,-0.578,0.062,0.091,0.273,-0.306,5975,5177;
36293,0.060,0.835,-0.077,-0.119,-0.688,0.075,0.091,0.273,-0.306,5939,5157;
36336,0.015,0.872,-0.108,-0.155,-0.589,0.028,0.000,-0.364,0.102,5897,5131;
36383,0.004,0.966,-0.147,0.023,-0.586,0.115,-0.182,0.000,-0.102,5807,5098;
36403,0.087,0.985,-0.108,-0.127,-0.807,0.102,-0.182,0.000,-0.102,5789,5075;
36433,0.015,1.004,-0.150,-0.146,-0.771,0.017,-0.182,0.000,-0.102,5788,5040;
36463,0.000,1.049,-0.196,-0.086,-0.608,-0.019,-0.091,0.000,0.204,5775,5037;
36513,0.049,1.128,-0.185,-0.101,-0.680,-0.040,-0.091,0.000,0.204,5777,5008;
36553,0.075,1.147,-0.276,0.106,-0.599,-0.073,0.182,0.364,-0.102,5774,4978;
36593,0.068,1.121,-0.210,-0.046,-0.214,-0.244,0.273,-0.273,0.000,5727,4966;
36623,-0.350,1.591,0.087,0.157,0.478,-0.470,0.273,-0.273,0.000,5693,4999;
36653,-0.279,1.263,0.014,0.565,0.554,-0.321,0.091,0.000,-0.612,5668,5003;
36673,-0.049,0.793,0.007,0.469,0.427,-0.216,0.091,0.000,-0.612,5655,5055;
36703,0.203,0.808,0.105,-0.023,0.042,-0.051,0.091,0.000,-0.612,5639,5041;
36743,0.113,0.914,0.143,-0.104,-0.124,0.220,0.091,-0.364,0.306,5630,5016;
36773,0.030,0.955,0.171,-0.039,-0.141,0.203,0.091,-0.364,0.306,5638,5012;
36803,-0.004,0.985,0.108,0.068,-0.146,0.135,0.273,-0.182,0.000,5632,5007;
36843,0.045,0.951,0.059,0.104,-0.221,0.143,0.273,-0.182,0.000,5608,5003;
36863,0.004,0.948,0.059,-0.021,-0.193,0.188,-0.091,0.000,-0.102,5575,4999;
36893,0.004,0.966,0.031,-0.011,-0.098,0.209,-0.091,0.000,-0.102,5572,4997;
36938,0.008,0.963,0.031,-0.061,-0.027,0.185,0.000,-0.091,0.408,5555,4988;
36973,0.068,0.970,-0.038,0.068,0.113,0.134,0.000,-0.091,0.408,5526,4983;
37013,0.151,0.929,-0.028,-0.095,0.027,0.093,0.000,0.000,-0.102,5528,4976;
37033,0.109,0.955,-0.042,-0.090,-0.005,0.030,0.000,0.000,-0.102,5526,4963;
37063,0.049,0.970,-0.073,-0.036,0.052,-0.008,0.182,0.182,-0.306,5523,4915;
37093,0.056,0.978,-0.091,0.018,0.125,-0.034,0.182,0.182,-0.306,5519,4919;
37137,0.072,0.948,-0.073,0.055,0.239,-0.059,0.000,0.000,-0.102,5495,4894;
37173,0.109,0.936,-0.119,0.160,0.289,-0.140,0.000,0.000,-0.102,5469,4853;
37203,0.154,0.921,-0.108,-0.018,0.280,-0.172,0.182,-0.182,0.204,5449,4823;
37233,0.128,0.966,-0.080,-0.214,0.350,-0.149,0.182,-0.182,0.204,5446,4831;
37253,0.113,0.985,-0.063,-0.204,0.471,-0.115,-0.182,0.091,-0.408,5443,4839;
37283,0.139,1.023,-0.119,-0.143,0.559,-0.040,-0.182,0.091,-0.408,5456,4860;
37329,0.199,1.049,-0.157,-0.210,0.447,0.041,-0.182,0.091,-0.408,5484,4859;
37363,0.154,1.139,-0.136,-0.313,1.009,0.090,0.091,0.000,0.000,5570,4900;
37393,0.211,1.237,-0.105,-0.091,0.877,0.155,0.000,-0.091,-0.612,5579,4969;
37423,0.301,1.463,0.021,-0.175,0.091,0.414,0.000,-0.091,-0.612,5588,4980;
37453,0.343,1.365,0.056,-0.653,-0.013,0.435,0.000,-0.091,-0.612,5655,4956;
37473,0.023,1.079,0.279,-0.500,-0.228,0.300,-0.091,0.091,0.306,5742,4950;
37503,-0.230,0.959,0.213,-0.236,0.095,0.064,-0.091,0.091,0.306,5759,4982;
37533,-0.275,0.899,0.150,0.068,0.409,-0.067,-0.091,0.091,-0.102,5715,5044;
37573,-0.087,0.944,0.094,0.197,0.367,0.062,-0.091,0.091,-0.102,5653,5136;
37613,-0.011,0.993,0.056,0.066,0.181,0.063,-0.091,0.545,1.735,5663,5164;
37643,-0.015,0.981,0.031,-0.023,0.091,0.044,-0.091,0.545,1.735,5718,5143;
37663,0.008,0.966,0.003,0.067,0.072,-0.038,0.091,0.091,0.204,5763,5145;
37693,0.019,0.993,0.017,0.127,0.019,-0.143,0.091,0.091,0.204,5768,5163;
37713,0.038,0.981,-0.007,0.193,-0.045,-0.212,0.091,0.091,0.204,5790,5175;
37743,0.064,0.951,-0.014,0.229,-0.121,-0.175,-0.091,-0.091,0.510,5811,5194;
37773,0.075,0.891,-0.028,0.182,-0.236,-0.092,-0.091,-0.091,0.510,5846,5185;
37813,0.072,0.944,-0.021,0.109,-0.351,-0.030,-0.091,-0.182,-0.102,5868,5189;
37843,0.026,0.955,-0.042,0.158,-0.363,-0.041,-0.091,-0.182,-0.102,5888,5180;
37873,0.038,0.933,-0.073,0.240,-0.375,-0.002,0.091,-0.091,-0.204,5894,5169;
37903,0.068,0.895,-0.077,0.202,-0.441,0.045,0.091,-0.091,-0.204,5893,5152;
37933,0.064,0.891,-0.098,0.197,-0.467,0.102,0.091,-0.091,-0.204,5878,5118;
37983,0.053,0.910,-0.084,0.168,-0.574,0.129,0.091,-0.273,-0.612,5840,5098;
38003,-0.004,0.981,-0.105,0.141,-0.580,0.075,0.182,0.727,1.224,5798,5073;
38033,0.030,1.008,-0.143,0.181,-0.441,0.067,0.182,0.727,1.224,5799,5038;
38063,0.041,0.985,-0.182,0.154,-0.475,0.090,0.182,0.727,1.224,5800,5036;
38083,0.045,1.079,-0.234,0.152,-0.493,0.040,0.000,-0.273,0.102,5790,4986;
38113,0.094,1.098,-0.251,0.134,-0.521,-0.028,0.000,-0.273,0.102,5778,5005;
38158,0.117,1.098,-0.283,0.086,-0.653,-0.046,0.091,0.182,0.000,5768,5001;
38203,0.162,1.087,-0.314,0.233,-0.792,0.010,0.091,0.182,0.000,5795,5014;
38233,0.068,1.222,-0.136,-0.001,-0.475,-0.226,0.000,0.091,-0.306,5767,4986;
38263,-0.271,1.425,0.084,0.021,0.181,-0.323,0.000,0.091,-0.306,5736,4980;
38283,-0.252,1.245,0.157,0.142,0.355,-0.418,0.091,0.000,-0.204,5706,5002;
38313,-0.177,0.906,0.098,0.357,0.409,-0.381,0.091,0.000,-0.204,5679,5036;
38353,0.087,0.857,0.126,0.240,-0.010,-0.080,-0.091,0.182,0.102,5623,5049;
38383,0.075,0.978,0.077,0.062,-0.107,0.246,-0.091,0.182,0.102,5568,5022;
38424,0.019,0.872,0.059,-0.040,-0.025,0.327,-0.091,-0.636,-0.306,5557,5031;
38453,0.079,0.978,0.021,-0.010,0.015,0.248,-0.091,-0.636,-0.306,5521,5046;
38483,0.098,0.929,0.087,-0.098,-0.189,0.177,0.000,-0.091,0.000,5519,5040;
38513,0.004,0.914,0.007,-0.124,-0.144,0.123,0.000,-0.091,0.000,5500,5029;
38533,-0.015,0.933,-0.038,-0.143,-0.036,0.076,0.000,-0.091,0.000,5491,5021;
38573,0.038,1.034,-0.014,-0.076,-0.012,0.085,-0.182,0.273,-0.408,5467,5005;
38603,0.098,1.042,-0.031,0.109,0.012,0.138,-0.182,0.273,-0.408,5422,4967;
38623,0.109,0.917,-0.126,0.083,-0.050,0.121,0.000,1.000,-0.204,5419,4952;
38653,0.105,0.902,-0.087,0.016,-0.063,0.061,0.000,1.000,-0.204,5402,4947;
38693,0.113,0.951,-0.094,0.005,-0.051,-0.004,-0.091,-0.091,0.102,5400,4951;
38723,0.068,0.917,-0.119,-0.135,-0.021,-0.090,-0.091,-0.091,0.102,5384,4943;
38753,0.098,0.921,-0.094,-0.151,-0.016,-0.125,0.000,0.273,-0.102,5359,4926;
38793,0.105,0.933,-0.129,-0.194,0.170,-0.243,0.000,0.273,-0.102,5343,4918;
38823,0.113,0.974,-0.126,-0.246,0.274,-0.220,0.091,-0.091,-0.204,5333,4907;
38853,0.109,0.989,-0.105,-0.209,0.407,-0.185,0.091,-0.091,-0.204,5316,4890;
38883,0.177,0.970,-0.136,-0.231,0.492,-0.109,-0.091,-0.182,-0.408,5300,4873;
38913,0.207,1.042,-0.143,-0.160,0.476,-0.059,-0.091,-0.182,-0.408,5286,4850;
38944,0.230,1.121,-0.129,-0.107,0.389,0.013,-0.091,-0.182,-0.408,5261,4840;
38983,0.203,1.154,-0.164,0.025,0.590,-0.032,0.636,0.273,-0.204,5219,4863;
39023,0.263,1.335,-0.066,0.049,0.429,0.170,-0.091,0.091,-0.204,5211,4835;
39063,0.199,1.527,-0.182,-0.375,0.532,0.508,-0.091,0.091,-0.204,5308,4823;
39093,0.038,1.075,0.147,-0.352,0.342,0.308,0.000,-0.091,0.102,5421,4828;
39113,-0.045,0.963,0.269,-0.355,0.219,0.185,0.000,-0.091,0.102,5514,4835;
39143,-0.211,0.917,0.108,-0.006,0.151,0.080,0.000,-0.091,0.102,5582,4883;
39163,-0.124,0.876,0.049,0.101,0.293,0.073,0.000,0.091,-0.306,5613,4915;
39197,-0.090,0.925,0.021,-0.022,0.431,0.135,0.000,0.091,-0.306,5610,4915;
39223,-0.068,1.023,0.045,0.028,0.391,0.086,0.091,-0.273,-0.408,5602,4901;
39253,0.011,0.993,0.024,0.073,0.239,0.028,0.091,-0.273,-0.408,5622,4908;
39293,0.049,0.989,0.003,0.102,0.096,-0.118,0.091,0.182,0.000,5658,4954;
39323,0.068,0.951,-0.028,0.024,-0.148,-0.195,0.091,0.182,0.000,5672,4986;
39354,0.075,0.891,-0.017,-0.004,-0.203,-0.211,0.091,0.182,0.000,5712,5004;
39393,0.064,0.933,-0.049,-0.006,-0.373,-0.130,-0.091,0.182,0.000,5745,5043;
39423,0.045,0.940,-0.056,0.030,-0.378,-0.079,-0.091,0.182,0.000,5783,5073;
39463,0.030,0.944,-0.084,0.033,-0.416,-0.074,-0.091,-0.091,-0.408,5829,5077;
39493,0.075,0.921,-0.129,0.108,-0.352,-0.045,0.000,0.182,-0.306,5872,5109;
39523,0.090,0.914,-0.126,0.063,-0.453,-0.011,0.000,0.182,-0.306,5884,5078;
39543,0.083,0.876,-0.129,0.012,-0.578,0.025,0.000,0.182,-0.306,5896,5102;
39583,0.083,0.925,-0.136,0.089,-0.782,0.086,-0.273,0.182,-0.204,5876,5092;
39623,0.132,0.963,-0.168,0.280,-0.789,0.091,-0.273,0.182,-0.204,5864,5041;
39643,0.113,0.951,-0.196,0.215,-0.934,0.081,0.091,-0.091,-0.408,5858,5047;
39683,0.004,1.000,-0.241,0.208,-0.928,0.039,0.091,-0.091,-0.408,5841,5037;
39703,-0.019,1.034,-0.269,0.163,-0.812,-0.027,0.182,0.091,-0.306,5817,5035;
39733,0.011,1.094,-0.276,0.123,-0.847,-0.029,0.182,0.091,-0.306,5780,5028;
39777,-0.015,1.154,-0.325,0.221,-0.699,0.002,0.091,0.091,-0.612,5778,4976;
39813,-0.203,1.553,0.014,-0.113,0.174,-0.494,0.091,0.091,-0.612,5684,4950;
39843,-0.324,1.508,0.059,0.297,0.470,-0.600,-0.091,-0.182,0.306,5629,4935;
39873,-0.188,1.245,0.000,0.679,0.545,-0.433,-0.091,-0.182,0.306,5636,4960;
39903,0.245,0.771,0.063,0.296,-0.029,-0.125,0.091,-0.091,-0.204,5625,4973;
39923,0.237,0.857,0.140,0.098,-0.432,0.158,0.091,-0.091,-0.204,5625,4944;
39953,0.090,0.869,0.105,0.024,-0.500,0.245,0.091,-0.091,-0.204,5634,4940;
39993,-0.023,0.959,0.112,-0.042,-0.270,0.195,0.182,0.091,1.327,5600,4926;
40033,-0.038,0.948,0.024,0.147,-0.058,0.147,0.182,0.091,1.327,5587,4911;
40063,0.041,0.887,0.063,-0.049,0.086,0.188,0.455,-0.273,-0.102,5553,4936;
40093,-0.019,0.959,0.035,-0.140,0.200,0.163,0.455,-0.273,-0.102,5505,4932;
40113,-0.045,0.989,0.021,-0.064,0.318,0.084,-0.091,-0.273,0.000,5491,4931;
40143,0.008,0.985,0.017,-0.006,0.341,0.066,-0.091,-0.273,0.000,5458,4930;
40189,0.083,0.944,-0.010,0.007,0.352,0.069,-0.273,0.091,-1.224,5448,4921;
40223,0.109,0.951,-0.035,-0.058,0.363,0.015,-0.273,0.091,-1.224,5431,4905;
40263,0.075,0.933,-0.098,-0.123,0.392,-0.046,0.273,-0.091,-0.204,5412,4896;
40283,0.075,0.970,-0.094,-0.164,0.455,-0.089,0.273,-0.091,-0.204,5375,4744;
40313,0.083,0.925,-0.105,-0.175,0.488,-0.115,-0.182,0.273,0.306,5390,4864;
40343,0.120,0.940,-0.094,-0.174,0.431,-0.142,-0.182,0.273,0.306,5372,4828;
40363,0.147,0.944,-0.126,-0.155,0.373,-0.154,-0.182,0.273,0.306,5359,4845;
40413,0.196,0.951,-0.136,-0.186,0.300,-0.104,0.182,0.000,-0.102,5343,4829;
40443,0.139,0.963,-0.147,-0.183,0.279,-0.095,0.182,0.000,-0.102,5336,4805;
40473,0.166,1.004,-0.157,-0.151,0.290,-0.085,-0.091,0.182,-0.612,5324,4822;
40493,0.162,1.090,-0.161,-0.126,0.243,-0.079,-0.091,0.182,-0.612,5326,4815;
40523,0.166,1.079,-0.189,-0.182,0.375,-0.050,-0.273,0.000,-0.306,5333,4814;
40543,0.203,1.057,-0.185,-0.118,0.494,-0.051,-0.273,0.000,-0.306,5348,4805;
40573,0.154,1.177,-0.189,0.016,0.656,0.044,-0.273,0.000,-0.306,5363,4856;
40603,0.248,1.512,-0.112,-0.278,0.113,0.390,0.091,0.000,-0.102,5376,4897;
40651,0.414,1.440,0.161,-0.872,-0.304,0.625,0.091,0.000,-0.102,5455,4818;
40693,-0.237,1.042,0.293,-0.514,0.098,0.262,0.091,0.455,-1.327,5669,4835;
40723,-0.312,0.895,0.049,0.148,0.647,0.034,0.000,0.182,-0.306,5695,4930;
40743,0.038,0.914,0.045,0.328,0.648,0.039,0.000,0.182,-0.306,5663,4966;
40773,0.162,0.948,0.028,0.093,0.396,0.056,0.000,0.182,-0.306,5631,4987;
40803,0.102,1.008,-0.010,0.057,0.092,0.131,0.000,0.091,-0.408,5615,4972;
40833,0.060,1.042,0.000,0.129,-0.098,0.095,0.000,0.091,-0.408,5638,4950;
40873,0.072,1.023,0.038,0.212,-0.409,-0.109,-0.182,-0.091,-0.102,5726,4984;
40982,0.038,0.940,0.038,0.168,-0.500,-0.168,-0.182,-0.091,-0.102,5755,5026;
40994,0.049,0.914,0.056,0.164,-0.663,-0.183,-0.091,0.000,-0.204,5801,5059;
41005,0.019,0.925,-0.021,0.200,-0.738,-0.160,-0.091,0.000,-0.204,5839,5082;
41018,0.034,0.925,-0.038,0.154,-0.664,-0.052,0.182,0.182,0.000,5884,5116;
41053,0.023,0.959,-0.031,0.119,-0.589,-0.051,0.182,0.182,0.000,5938,5144;
41083,0.049,0.914,-0.084,0.100,-0.528,-0.022,0.000,-0.545,0.000,6000,5158;
41113,0.075,0.839,-0.112,-0.146,-0.578,0.019,0.000,-0.545,0.000,6028,5193;
41133,0.102,0.914,-0.101,-0.227,-0.771,0.050,0.091,0.000,0.408,6021,5193;
41163,0.072,0.963,-0.101,0.022,-0.699,0.070,0.091,0.000,0.408,6025,5158;
41203,0.053,0.925,-0.161,0.075,-0.696,0.104,0.091,-0.091,0.000,5988,5151;
41233,0.049,0.955,-0.119,-0.061,-0.749,0.028,0.091,-0.091,0.000,5963,5128;
41273,-0.008,1.053,-0.185,0.023,-0.591,-0.073,-0.091,0.000,-0.204,5927,5105;
41303,0.038,1.064,-0.224,-0.004,-0.531,-0.035,-0.091,0.000,-0.204,5918,5109;
41323,0.109,1.117,-0.244,-0.083,-0.634,-0.069,-0.091,0.000,-0.204,5909,5102;
41353,0.090,1.192,-0.269,0.160,-0.639,-0.033,0.091,-0.273,-0.204,5897,5089;
41373,0.083,1.121,-0.297,0.197,-0.613,0.013,0.091,-0.273,-0.204,5876,5069;
41413,-0.004,1.320,-0.098,-0.034,-0.153,-0.205,-0.091,-0.182,-0.510,5833,5040;
41443,-0.297,1.523,0.080,0.245,0.406,-0.497,-0.091,-0.182,-0.510,5786,5038;
41483,-0.188,1.154,0.031,0.569,0.457,-0.378,-0.182,0.091,0.000,5787,5100;
41513,0.132,0.823,0.094,0.229,0.067,-0.152,-0.182,0.091,0.000,5745,5089;
41533,0.124,0.910,0.143,0.118,-0.249,0.203,0.273,-0.091,-0.102,5708,5073;
41563,0.056,0.929,0.115,0.143,-0.296,0.359,0.273,-0.091,-0.102,5700,5048;
41603,0.041,0.880,0.175,0.072,-0.255,0.231,0.273,-0.091,-0.102,5689,5019;
41643,-0.019,0.936,0.059,0.106,-0.087,0.129,0.000,0.273,0.204,5659,5007;
41673,0.041,0.876,0.049,0.059,-0.035,0.151,0.091,-0.182,-0.102,5617,4990;
41703,0.072,0.940,0.045,-0.158,0.028,0.181,0.091,-0.182,-0.102,5588,4997;
41733,0.026,1.000,0.028,-0.151,-0.004,0.129,0.091,-0.182,-0.102,5572,4989;
41753,0.000,0.959,0.003,-0.070,-0.030,0.063,-0.091,-0.182,0.204,5494,4981;
41794,0.000,0.948,-0.045,0.010,0.022,0.075,-0.091,-0.182,0.204,5539,4955;
41833,0.128,0.963,-0.066,0.022,0.055,0.073,0.091,-0.091,-0.306,5518,4922;
41873,0.079,0.910,-0.070,-0.024,0.033,0.005,0.091,-0.091,-0.306,5515,4848;
41903,0.049,0.895,-0.070,-0.041,0.130,-0.113,0.273,0.545,0.102,5513,4866;
41923,0.056,0.921,-0.091,-0.086,0.223,-0.187,0.273,0.545,0.102,5507,4859;
41953,0.030,0.936,-0.129,-0.100,0.351,-0.227,0.000,-0.182,-0.204,5493,4847;
41993,0.045,0.933,-0.101,-0.109,0.402,-0.212,0.000,-0.182,-0.204,5463,4815;
42033,0.124,0.989,-0.115,-0.121,0.589,-0.136,0.182,-0.182,-0.408,5412,4766;
42073,0.151,0.993,-0.161,-0.219,0.633,-0.076,0.182,-0.182,-0.408,5393,4743;
42103,0.173,1.113,-0.206,-0.103,0.634,-0.073,0.000,0.000,-0.204,5381,4710;
42133,0.230,1.098,-0.196,-0.125,0.559,-0.045,0.000,0.000,-0.204,5382,4751;
42153,0.230,1.090,-0.203,-0.047,0.618,-0.035,0.091,0.091,-0.102,5396,4778;
42196,0.128,1.177,-0.143,0.004,0.863,0.057,0.091,0.091,-0.102,5404,4843;
42233,0.158,1.560,-0.052,-0.518,0.517,0.540,0.182,0.000,-0.102,5424,4872;
42268,0.260,1.305,0.210,-0.730,0.097,0.433,0.182,0.000,-0.102,5493,4816;
42303,-0.343,0.970,0.231,-0.232,0.059,0.096,0.000,-0.273,-0.408,5618,4840;
42323,-0.290,0.936,0.112,0.058,0.414,0.015,0.000,-0.273,-0.408,5638,4918;
42353,-0.090,0.857,0.105,0.103,0.452,0.063,-0.091,0.182,-0.102,5645,4973;
42383,0.030,0.906,0.014,0.047,0.312,0.040,-0.091,0.182,-0.102,5642,4991;
42423,0.064,0.974,0.052,0.044,0.096,0.015,-0.182,0.000,-0.612,5634,4993;
42443,0.008,1.004,0.038,0.007,-0.107,0.001,-0.182,0.000,-0.612,5680,5006;
42473,-0.011,1.004,0.021,0.148,-0.176,-0.104,-0.182,0.000,-0.612,5731,5019;
42493,-0.019,0.929,0.003,0.208,-0.260,-0.180,0.273,-0.455,0.918,5763,5065;
42523,0.023,0.929,0.003,0.109,-0.274,-0.180,0.273,-0.455,0.918,5799,5114;
42553,0.075,0.925,0.028,0.115,-0.395,-0.169,-0.091,0.182,0.102,5840,5164;
42595,0.053,0.884,-0.035,0.101,-0.384,-0.092,-0.091,0.182,0.102,5875,5160;
42633,-0.004,0.940,-0.042,0.006,-0.389,-0.045,0.182,0.364,-0.510,5888,5185;
42673,0.004,0.933,-0.080,0.135,-0.355,-0.027,0.182,0.364,-0.510,5897,5195;
42703,0.060,0.906,-0.070,0.174,-0.385,0.047,0.000,0.091,-0.510,5877,5214;
42733,0.060,0.959,-0.143,0.229,-0.452,0.115,0.000,0.091,-0.510,5874,5195;
42763,0.056,0.940,-0.136,0.147,-0.634,0.215,0.182,0.182,0.102,5836,5163;
42793,0.060,0.970,-0.164,0.157,-0.664,0.164,0.182,0.182,0.102,5800,5125;
42833,0.000,1.034,-0.136,0.068,-0.652,0.000,0.091,0.182,1.122,5769,5067;
42863,0.083,1.034,-0.192,0.046,-0.679,-0.017,0.091,0.182,1.122,5781,5076;
42893,0.090,1.049,-0.196,0.075,-0.679,-0.008,-0.182,0.000,-0.204,5786,5088;
42923,0.056,1.079,-0.244,0.159,-0.744,0.085,-0.182,0.000,-0.204,5809,5098;
42943,0.102,1.072,-0.307,0.219,-0.750,0.160,-0.182,0.000,-0.204,5804,5079;
42973,0.098,1.215,-0.087,0.016,-0.431,0.011,0.000,0.182,0.510,5774,5042;
43017,-0.136,1.444,0.042,-0.024,-0.171,-0.284,0.000,0.182,0.510,5723,4993;
43053,-0.297,1.256,-0.017,0.584,0.305,-0.283,-0.091,0.636,0.204,5643,5080;
43093,0.034,0.737,0.042,0.402,0.126,-0.142,-0.091,0.636,0.204,5582,5077;
43123,0.120,0.895,0.101,0.174,-0.413,0.188,0.091,-0.091,0.204,5552,5078;
43143,0.045,0.948,0.077,0.149,-0.308,0.266,0.091,-0.091,0.204,5535,5053;
43173,-0.030,0.963,0.136,0.091,-0.215,0.227,-0.091,0.000,0.204,5526,5062;
43218,-0.045,0.970,0.098,0.029,-0.036,0.152,-0.091,0.000,0.204,5509,5048;
43253,-0.015,0.921,0.049,0.000,0.067,0.146,0.091,-0.091,-0.612,5485,5055;
43293,0.008,0.944,0.028,-0.017,0.131,0.130,0.091,-0.091,-0.612,5457,5039;
43313,0.030,0.951,0.003,-0.098,0.217,0.086,-0.364,0.000,-0.102,5416,5030;
43343,0.045,0.981,-0.007,-0.102,0.268,0.034,-0.364,0.000,-0.102,5425,5016;
43363,0.087,0.985,-0.049,-0.051,0.344,-0.001,-0.091,-0.182,0.102,5416,5000;
43404,0.094,0.944,-0.063,-0.098,0.384,-0.008,-0.091,-0.182,0.102,5401,4969;
43443,0.087,0.963,-0.070,-0.135,0.398,-0.038,-0.455,-0.091,-0.204,5359,4895;
43473,0.053,0.966,-0.122,-0.058,0.511,-0.101,-0.455,-0.091,-0.204,5353,4893;
43513,0.113,0.944,-0.101,-0.172,0.454,-0.137,-0.091,-0.182,-0.102,5346,4840;
43543,0.147,0.921,-0.105,-0.225,0.401,-0.157,-0.091,-0.182,-0.102,5341,4849;
43563,0.154,0.959,-0.126,-0.119,0.461,-0.174,-0.091,-0.182,-0.102,5329,4829;
43593,0.158,0.955,-0.112,-0.097,0.403,-0.158,0.091,0.000,-0.306,5314,4805;
43643,0.147,0.951,-0.115,-0.104,0.398,-0.087,0.091,0.000,-0.306,5282,4771;
43663,0.147,1.011,-0.147,-0.080,0.429,-0.053,0.000,-0.182,-0.204,5283,4758;
43703,0.181,1.049,-0.161,-0.106,0.440,-0.053,0.000,-0.182,-0.204,5288,4757;
43723,0.199,1.075,-0.185,-0.103,0.605,-0.091,0.091,0.000,-0.612,5298,4767;
43753,0.203,1.098,-0.189,-0.085,0.784,-0.063,0.091,0.000,-0.612,5355,4803;
43783,0.184,1.211,-0.164,0.066,0.926,0.008,0.000,0.091,-0.510,5377,4902;
43817,0.207,1.395,-0.052,-0.140,0.470,0.181,0.000,0.091,-0.510,5396,4933;
43863,0.275,1.395,-0.042,-0.469,0.053,0.448,0.000,-0.636,-0.306,5492,4942;
43883,-0.064,1.124,0.353,-0.290,-0.215,0.396,0.000,-0.636,-0.306,5606,4888;
43923,-0.369,0.880,0.105,-0.153,0.302,0.153,0.273,0.727,-0.102,5703,4929;
43953,-0.188,0.846,0.101,0.129,0.631,0.063,0.273,0.727,-0.102,5705,5011;
43973,-0.030,0.933,0.070,0.144,0.518,0.081,0.273,0.727,-0.102,5689,5056;
44003,0.041,1.000,0.017,0.015,0.395,0.085,-0.273,-0.091,-0.102,5677,5091;
44043,0.117,1.000,0.017,-0.093,0.140,0.010,-0.273,-0.091,-0.102,5710,5144;
44073,0.072,0.996,0.035,0.012,-0.158,-0.163,-0.091,0.182,-0.102,5758,5181;
44123,0.045,1.023,0.038,0.140,-0.373,-0.195,0.182,0.000,-0.408,5823,5219;
44143,0.026,0.940,-0.024,0.080,-0.489,-0.260,0.182,0.000,-0.408,5872,5241;
44173,0.023,0.921,-0.038,0.091,-0.538,-0.225,0.182,0.000,-0.408,5882,5252;
44203,0.049,0.917,-0.038,0.095,-0.631,-0.174,-0.091,-0.091,0.000,5893,5267;
44237,0.045,0.929,-0.035,0.028,-0.664,-0.112,-0.091,-0.091,0.000,5912,5281;
44273,-0.008,0.887,-0.077,0.024,-0.648,-0.064,-0.182,0.091,0.000,5948,5287;
44313,0.026,0.842,-0.056,-0.059,-0.659,-0.029,-0.182,0.091,0.000,5946,5307;
44343,0.060,0.951,-0.119,0.047,-0.665,0.075,-0.182,0.000,0.000,5916,5303;
44363,0.015,0.963,-0.140,0.157,-0.594,0.124,-0.182,0.000,0.000,5935,5289;
44393,0.019,0.974,-0.150,0.069,-0.635,0.075,0.273,-0.182,0.000,5927,5273;
44423,0.102,1.023,-0.168,-0.012,-0.743,0.061,0.273,-0.182,0.000,5907,5226;
44453,0.053,1.019,-0.136,0.046,-0.719,0.030,0.273,-0.182,0.000,5900,5194;
44473,0.023,1.030,-0.203,0.064,-0.676,0.015,0.000,0.364,0.306,5888,5185;
44503,-0.004,1.121,-0.258,0.121,-0.611,-0.005,0.000,0.364,0.306,5867,5197;
44543,0.094,1.151,-0.297,0.287,-0.698,0.049,-0.091,0.000,-0.306,5842,5173;
44573,0.120,1.090,-0.339,0.375,-0.705,0.059,-0.091,0.000,-0.306,5822,5143;
44593,0.056,1.290,-0.094,0.049,-0.408,-0.110,0.000,-0.182,0.102,5783,5096;
44640,-0.192,1.433,0.014,0.072,0.159,-0.341,0.000,-0.182,0.102,5743,5081;
44673,-0.211,1.169,0.024,0.849,0.352,-0.399,0.000,-0.091,-0.306,5716,5148;
44703,0.158,0.763,0.087,0.509,-0.126,-0.183,0.000,-0.091,-0.306,5670,5149;
44733,0.132,0.842,0.105,0.185,-0.579,0.151,0.091,-0.182,0.510,5649,5137;
44763,-0.030,0.933,0.147,0.117,-0.528,0.219,0.091,-0.182,0.510,5628,5120;
44783,-0.094,1.004,0.143,0.084,-0.342,0.205,0.091,-0.182,0.510,5611,5106;
44813,-0.105,0.974,0.052,0.144,-0.064,0.221,-0.091,0.273,0.306,5604,5098;
44853,-0.038,0.891,0.038,0.001,0.032,0.214,-0.091,0.273,0.306,5581,5059;
44883,-0.038,0.929,0.031,-0.136,0.127,0.120,-0.091,0.000,0.000,5539,5091;
44913,0.041,0.970,-0.007,-0.078,0.192,0.098,-0.091,0.000,0.000,5519,5081;
44953,0.075,0.955,-0.038,-0.018,0.174,0.050,-0.091,-0.091,-0.408,5491,5048;
44973,0.090,0.948,-0.038,-0.176,0.194,0.038,-0.091,-0.091,-0.408,5466,5046;
45003,0.075,0.966,-0.073,-0.166,0.257,0.047,0.182,-0.091,-0.204,5468,5025;
45063,0.049,0.970,-0.073,-0.154,0.338,-0.015,0.182,-0.091,-0.204,5416,4971;
45083,0.064,0.948,-0.084,-0.183,0.444,-0.070,0.091,0.182,-0.510,5418,4960;
45113,0.098,0.948,-0.094,-0.191,0.489,-0.090,0.091,0.182,-0.510,5402,4947;
45143,0.128,0.951,-0.084,-0.177,0.516,-0.137,-0.091,-0.091,0.000,5387,4924;
45163,0.139,0.921,-0.115,-0.125,0.538,-0.163,-0.091,-0.091,0.000,5379,4900;
45193,0.188,0.951,-0.122,-0.130,0.520,-0.136,-0.091,-0.091,0.000,5367,4886;
45238,0.196,0.963,-0.105,-0.126,0.436,-0.120,0.182,0.182,-0.408,5347,4867;
45273,0.184,1.030,-0.164,-0.010,0.435,-0.075,0.091,-0.091,-0.102,5328,4825;
45313,0.222,1.079,-0.171,-0.087,0.426,-0.050,0.091,-0.091,-0.102,5329,4806;
45333,0.196,1.038,-0.182,-0.092,0.509,-0.044,0.000,0.000,0.000,5343,4825;
45363,0.147,1.173,-0.224,0.075,0.675,0.039,0.000,0.000,0.000,5332,4858;
45393,0.188,1.346,-0.056,-0.153,0.460,0.290,0.000,0.000,0.000,5345,4851;
45423,0.297,1.448,0.000,-0.416,0.141,0.467,0.091,0.091,-0.306,5357,4848;
45463,0.102,1.162,0.262,-0.396,-0.322,0.379,0.091,0.091,-0.306,5503,4789;
45503,-0.361,0.981,0.080,0.000,0.002,0.131,0.091,0.182,0.000,5609,4814;
45533,-0.173,0.884,0.073,0.216,0.270,0.011,0.091,0.182,0.000,5651,4886;
45563,0.045,0.951,0.056,0.117,0.096,0.018,-0.091,-0.091,-0.714,5665,4897;
45583,0.023,0.989,0.042,0.045,-0.064,0.002,-0.091,-0.091,-0.714,5662,4908;
45613,-0.023,1.008,0.007,0.171,-0.140,-0.006,0.000,0.000,0.000,5658,4865;
45653,0.019,0.993,0.035,0.158,-0.370,-0.096,0.000,0.000,0.000,5720,4936;
45693,0.015,0.974,0.003,0.078,-0.601,-0.163,-0.273,0.000,-0.204,5798,4974;
45733,0.000,0.933,-0.021,0.127,-0.702,-0.149,-0.273,0.000,-0.204,5843,5012;
45763,-0.053,0.895,-0.070,0.062,-0.688,-0.161,-0.182,0.000,-0.102,5879,5059;
45783,-0.049,0.933,-0.070,0.100,-0.527,-0.123,-0.182,0.000,-0.102,5895,5096;
45813,-0.008,0.955,-0.028,-0.064,-0.562,-0.086,-0.182,0.000,-0.102,5900,5134;
45853,-0.008,1.008,-0.070,-0.066,-0.426,-0.106,-0.091,-0.364,-0.408,5888,5184;
45883,0.004,0.936,-0.056,0.057,-0.404,0.008,0.182,-0.636,0.102,5915,5207;
45913,0.019,0.906,-0.105,0.050,-0.423,0.091,0.182,-0.636,0.102,5917,5202;
45943,0.011,0.933,-0.101,0.053,-0.471,0.148,0.182,-0.636,0.102,5898,5176;
45973,0.023,0.936,-0.147,0.129,-0.562,0.176,0.000,0.091,0.816,5887,5150;
45993,0.038,0.880,-0.143,0.012,-0.664,0.194,0.000,0.091,0.816,5877,5167;
46023,0.053,0.910,-0.164,-0.024,-0.631,0.152,0.000,0.091,-0.102,5867,5142;
46063,0.019,0.966,-0.168,-0.027,-0.611,0.073,0.000,0.091,-0.102,5843,5124;
46093,0.056,0.966,-0.182,0.006,-0.594,0.095,0.000,0.091,-0.102,5852,5113;
46143,0.060,1.023,-0.231,0.046,-0.576,0.121,0.000,0.091,-0.102,5844,5089;
46163,0.090,1.109,-0.262,0.146,-0.656,0.096,0.091,-0.091,-0.306,5843,5088;
46193,0.128,1.087,-0.297,0.202,-0.709,0.115,0.091,-0.091,-0.306,5842,5072;
46225,0.045,1.143,-0.231,0.068,-0.253,-0.036,0.182,0.000,-0.510,5798,5038;
46273,-0.173,1.474,0.007,0.069,0.291,-0.239,0.182,0.000,-0.510,5709,5028;
46293,-0.290,1.286,0.000,0.556,0.568,-0.385,0.000,0.455,0.102,5679,5050;
46323,0.030,0.801,0.017,0.432,0.454,-0.276,0.000,0.455,0.102,5664,5061;
46363,0.188,0.793,0.105,0.216,-0.106,0.041,0.091,0.091,0.000,5629,5056;
46383,0.102,0.963,0.084,0.124,-0.283,0.211,0.091,0.091,0.000,5599,5025;
46413,0.015,0.974,0.112,-0.004,-0.208,0.202,0.091,0.091,0.000,5606,5024;
46443,-0.004,0.993,0.073,0.029,-0.063,0.238,0.000,0.000,0.102,5591,5009;
46483,-0.038,0.929,0.028,0.051,0.055,0.181,0.000,0.000,0.102,5584,4979;
46513,-0.023,0.959,-0.017,-0.006,0.203,0.169,0.000,-0.091,0.000,5563,5004;
46543,0.026,0.966,-0.014,-0.112,0.345,0.170,0.000,-0.091,0.000,5536,4994;
46573,0.060,0.978,-0.024,-0.120,0.344,0.118,0.000,-0.091,-0.204,5513,4983;
46603,0.075,0.985,-0.042,-0.040,0.318,0.063,0.000,-0.091,-0.204,5496,4968;
46623,0.117,0.955,-0.077,-0.038,0.295,0.039,-0.182,0.000,-0.408,5480,4943;
46653,0.117,0.936,-0.101,-0.040,0.278,0.035,-0.182,0.000,-0.408,5462,4922;
46673,0.105,0.951,-0.108,-0.051,0.296,0.030,-0.182,0.000,-0.408,5444,4889;
46713,0.124,0.963,-0.098,-0.045,0.216,-0.008,-0.091,-0.182,0.102,5418,4855;
46763,0.087,0.936,-0.129,-0.016,0.263,-0.095,-0.091,-0.182,0.102,5391,4806;
46783,0.139,0.906,-0.178,0.021,0.363,-0.106,0.182,0.182,0.000,5384,4767;
46813,0.143,0.910,-0.133,-0.045,0.323,-0.115,0.182,0.182,0.000,5372,4785;
46853,0.154,0.933,-0.136,-0.079,0.363,-0.096,0.000,-0.182,-0.306,5355,4740;
46883,0.184,0.981,-0.133,-0.093,0.532,-0.036,0.000,-0.182,-0.306,5348,4722;
46913,0.177,0.981,-0.112,-0.117,0.583,-0.008,-0.091,0.091,0.204,5335,4685;
46943,0.143,1.034,-0.140,-0.107,0.629,0.013,-0.091,0.091,0.204,5327,4682;
46983,0.294,1.049,-0.192,-0.089,0.732,0.002,-0.182,0.000,0.000,5348,4686;
47003,0.346,1.113,-0.189,-0.053,0.708,-0.006,-0.182,0.000,0.000,5341,4703;
47033,0.252,1.169,-0.154,-0.012,0.658,0.080,-0.182,0.000,0.000,5358,4769;
47063,0.230,1.440,-0.045,-0.347,0.259,0.442,-0.091,-0.091,-0.204,5369,4786;
47093,0.237,1.320,0.080,-0.527,0.129,0.410,-0.091,-0.091,-0.204,5428,4730;
47123,0.049,1.019,0.248,-0.319,0.015,0.396,0.182,0.000,-0.204,5487,4753;
47163,-0.267,0.959,0.108,-0.134,0.132,0.206,0.182,0.000,-0.204,5556,4814;
47183,-0.158,0.933,0.038,-0.053,0.554,0.125,-0.091,0.273,0.204,5588,4921;
47213,-0.064,0.966,0.010,-0.004,0.633,0.117,-0.091,0.273,0.204,5577,4959;
47243,0.079,0.985,0.021,-0.005,0.464,0.076,0.091,-0.091,0.408,5566,4970;
47273,0.117,0.974,0.042,-0.041,0.189,-0.010,0.091,-0.091,0.408,5597,4944;
47303,0.090,1.049,-0.010,0.033,0.076,-0.091,0.091,-0.091,0.408,5617,4926;
47333,0.083,1.045,-0.010,0.098,-0.045,-0.227,0.091,0.091,-0.204,5614,4959;
47373,0.079,0.966,-0.031,0.129,-0.078,-0.240,0.091,0.091,-0.204,5635,5001;
47403,0.064,0.861,-0.024,-0.036,-0.233,-0.223,-0.273,0.000,-0.102,5655,5023;
47433,0.045,0.880,-0.042,-0.046,-0.204,-0.211,-0.273,0.000,-0.102,5674,5033;
47473,0.034,0.948,-0.077,0.025,-0.163,-0.153,-0.182,0.091,-0.306,5677,5060;
47503,0.083,0.948,-0.056,0.091,-0.226,-0.098,-0.182,0.091,-0.306,5710,5058;
47543,0.109,0.944,-0.105,0.041,-0.302,-0.086,0.091,-0.091,0.000,5714,5043;
47573,0.139,0.917,-0.129,0.096,-0.501,-0.032,0.091,-0.091,0.000,5679,5021;
47603,0.109,0.936,-0.147,0.127,-0.595,-0.018,0.091,0.364,0.306,5672,5004;
47635,0.117,0.940,-0.192,0.180,-0.688,0.032,0.091,0.364,0.306,5661,4979;
47673,0.113,0.944,-0.185,0.183,-0.793,0.002,0.091,-0.091,0.204,5638,4952;
47693,0.060,1.034,-0.231,0.172,-0.923,0.001,0.091,-0.091,0.204,5634,4934;
47723,0.072,1.053,-0.241,0.166,-0.889,-0.007,0.182,0.000,0.102,5610,4920;
47763,0.109,1.098,-0.262,0.112,-0.976,-0.070,0.182,0.000,0.102,5615,4904;
47783,0.075,1.117,-0.297,0.391,-1.101,-0.017,0.091,0.000,-0.204,5560,4768;
47823,-0.041,1.079,-0.293,0.313,-0.772,-0.056,0.091,0.000,-0.204,5609,4868;
47855,-0.139,1.489,-0.052,-0.032,-0.209,-0.471,0.091,0.000,-0.204,5577,4848;
47893,-0.301,1.275,-0.073,0.516,0.216,-0.538,-0.091,-0.727,-0.102,5570,4859;
47923,0.053,0.936,-0.003,0.542,0.295,-0.472,-0.091,-0.727,-0.102,5548,4856;
47963,0.263,0.846,0.154,0.355,-0.555,-0.126,-0.091,0.182,-0.612,5518,4893;
47993,-0.019,0.872,0.080,0.205,-0.605,0.304,-0.091,0.273,-0.102,5513,4894;
48023,-0.158,0.827,0.045,-0.102,-0.260,0.345,-0.091,0.273,-0.102,5513,4876;
48053,-0.117,0.951,0.049,-0.045,0.202,0.283,-0.091,0.273,-0.102,5493,4869;
48083,0.060,1.019,0.038,0.017,0.223,0.256,0.091,0.091,0.000,5467,4861;
48113,0.132,0.948,0.021,-0.101,0.066,0.216,0.091,0.091,0.000,5451,4846;
48154,0.034,0.921,-0.021,-0.199,0.067,0.143,0.182,-0.091,-0.102,5425,4823;
48183,-0.008,0.959,-0.073,-0.091,0.256,0.103,0.182,-0.091,-0.102,5394,4813;
48213,0.120,0.951,-0.063,-0.134,0.227,0.106,-0.182,0.182,0.306,5379,4801;
48233,0.124,0.951,-0.066,-0.191,0.239,0.089,-0.182,0.182,0.306,5360,4786;
48263,0.072,0.944,-0.098,-0.217,0.270,0.015,-0.091,0.091,-0.204,5369,4749;
48293,0.038,0.944,-0.087,-0.180,0.376,-0.081,-0.091,0.091,-0.204,5376,4750;
48323,0.079,0.959,-0.087,-0.193,0.420,-0.120,-0.091,0.091,-0.204,5370,4741;
48353,0.079,0.944,-0.094,-0.232,0.429,-0.160,0.000,0.091,-0.204,5346,4711;
48383,0.120,0.921,-0.112,-0.191,0.453,-0.199,0.000,0.091,-0.204,5338,4708;
48413,0.158,0.929,-0.133,-0.124,0.556,-0.250,-0.364,0.000,-0.306,5328,4718;
48443,0.207,0.944,-0.115,-0.197,0.521,-0.228,-0.364,0.000,-0.306,5328,4712;
48483,0.181,0.966,-0.122,-0.220,0.522,-0.204,0.091,0.182,-0.714,5329,4746;
48513,0.184,1.030,-0.175,-0.123,0.480,-0.158,0.091,0.182,-0.714,5335,4762;
48567,0.218,1.087,-0.140,-0.229,0.404,-0.117,0.091,0.091,-0.306,5321,4773;
48593,0.215,1.121,-0.231,-0.181,0.692,0.007,0.091,-0.273,-0.510,5375,4872;
48623,0.222,1.312,0.045,-0.330,0.609,0.208,0.091,-0.273,-0.510,5393,4911;
48665,0.166,1.500,-0.094,-0.390,0.244,0.504,0.091,-0.273,-0.510,5430,4935;
48693,0.226,1.226,0.122,-0.651,0.108,0.578,0.000,0.182,0.000,5528,4849;
48723,-0.320,1.027,0.224,-0.239,0.242,0.374,0.000,0.182,0.000,5627,4838;
48763,-0.365,0.842,0.122,-0.069,0.619,0.059,-0.182,0.000,-0.102,5687,4919;
48793,-0.053,1.004,0.094,0.280,0.583,-0.036,-0.182,0.000,-0.102,5653,4971;
48823,0.053,1.034,0.010,0.153,0.356,0.019,-0.182,-0.273,-0.510,5641,4982;
48843,0.056,1.057,-0.014,0.083,0.228,0.058,-0.182,-0.273,-0.510,5620,4978;
48893,0.045,0.993,0.007,0.059,0.008,-0.068,0.182,-0.545,-0.306,5678,4982;
48913,0.087,0.978,0.035,0.127,-0.352,-0.239,0.182,-0.545,-0.306,5755,5016;
48953,0.056,0.959,0.042,0.204,-0.523,-0.246,-0.091,0.000,-0.408,5813,5043;
48993,0.008,0.880,-0.021,0.081,-0.603,-0.187,-0.091,0.000,-0.408,5840,5060;
49013,-0.038,0.906,-0.042,0.053,-0.491,-0.118,-0.091,-0.182,-0.816,5837,5061;
49043,0.019,0.936,-0.045,0.084,-0.475,-0.058,-0.091,-0.182,-0.816,5824,5040;
49063,0.041,0.948,-0.021,0.079,-0.450,-0.034,-0.091,-0.182,-0.816,5809,5048;
49103,0.026,0.970,-0.042,0.081,-0.431,-0.044,0.091,0.182,-0.306,5797,5000;
49133,0.060,0.899,-0.070,0.086,-0.476,0.006,0.091,0.182,-0.306,5816,5011;
49153,0.045,0.921,-0.084,0.137,-0.478,0.033,0.091,-0.273,-0.306,5788,5004;
49203,0.075,0.929,-0.101,0.174,-0.563,0.092,0.091,-0.273,-0.306,5784,4966;
49223,0.075,0.959,-0.136,0.187,-0.736,0.127,-0.091,0.091,-0.408,5778,4949;
49253,0.053,0.948,-0.140,0.299,-0.730,0.104,-0.091,0.091,-0.408,5779,4922;
49283,0.060,1.000,-0.220,0.246,-0.741,0.091,-0.091,-0.182,-0.306,5770,4894;
49323,0.060,1.030,-0.244,0.202,-0.698,0.059,-0.091,-0.182,-0.306,5754,4861;
49343,0.113,1.072,-0.262,0.103,-0.773,0.044,0.182,0.000,0.102,5763,4834;
49373,0.132,1.139,-0.311,0.195,-0.792,0.027,0.182,0.000,0.102,5771,4850;
49423,0.060,1.132,-0.307,0.089,-0.333,-0.096,-0.091,-0.182,-0.204,5711,4834;
49443,-0.245,1.481,0.014,0.180,0.049,-0.318,-0.091,-0.182,-0.204,5666,4832;
49473,-0.271,1.440,-0.049,0.447,0.211,-0.350,-0.091,-0.182,-0.204,5644,4830;
49513,-0.199,0.985,-0.031,0.613,0.450,-0.240,0.182,0.091,-0.612,5619,4868;
49533,0.188,0.707,0.126,0.102,-0.110,-0.007,0.182,0.091,-0.612,5590,4897;
49563,0.136,0.944,0.112,0.108,-0.402,0.198,-0.091,-0.091,-0.102,5552,4891;
49594,0.064,1.019,0.091,0.061,-0.270,0.262,-0.091,-0.091,-0.102,5554,4879;
49643,-0.034,1.019,0.073,0.012,-0.076,0.296,-0.091,-0.091,-0.408,5540,4867;
49663,-0.038,0.917,0.052,0.012,0.169,0.233,-0.091,-0.091,-0.408,5509,4862;
49693,-0.034,0.917,0.031,-0.081,0.347,0.199,0.000,0.273,-0.408,5493,4854;
49733,0.034,0.966,0.035,-0.136,0.412,0.155,0.000,0.273,-0.408,5488,4843;
49753,0.102,0.970,-0.031,-0.023,0.356,0.100,-0.091,0.000,0.102,5482,4805;
49793,0.177,0.936,-0.070,-0.023,0.304,0.036,-0.091,0.000,0.102,5474,4800;
49833,0.184,0.910,-0.105,-0.208,0.103,0.019,0.182,-0.182,-1.429,5464,4762;
49863,0.105,0.978,-0.098,-0.158,0.073,0.002,0.182,-0.182,-1.429,5474,4713;
49883,0.075,0.985,-0.087,-0.081,0.062,-0.036,0.182,-0.182,-1.429,5465,4728;
49913,0.015,0.981,-0.122,-0.110,0.255,-0.110,0.364,0.182,0.000,5412,4686;
49953,0.011,0.925,-0.122,-0.243,0.357,-0.127,0.364,0.182,0.000,5412,4693;
49973,0.132,0.933,-0.119,-0.200,0.420,-0.169,-0.091,-0.091,0.102,5364,4672;
50023,0.169,0.936,-0.115,-0.161,0.471,-0.197,-0.091,-0.091,0.102,5344,4680;
50053,0.237,0.925,-0.115,-0.299,0.240,-0.168,0.000,0.182,-0.306,5339,4706;
50073,0.215,0.929,-0.112,-0.352,0.137,-0.144,0.000,0.182,-0.306,5330,4729;
50113,0.109,0.978,-0.140,-0.293,0.293,-0.141,-0.182,0.000,0.000,5359,4779;
50143,0.117,1.109,-0.140,-0.208,0.548,-0.121,-0.182,0.000,0.000,5367,4787;
50163,0.169,1.181,-0.154,-0.169,0.752,-0.115,0.091,0.273,0.102,5378,4764;
50193,0.184,1.173,-0.210,-0.092,0.787,-0.064,0.091,0.273,0.102,5397,4855;
50243,0.290,1.230,-0.070,-0.073,0.631,0.126,0.091,-0.091,-0.306,5434,4880;
50263,0.260,1.448,-0.084,-0.441,0.187,0.491,0.091,-0.091,-0.306,5464,4880;
50293,0.324,1.192,0.262,-0.680,-0.665,0.423,0.091,-0.091,-0.306,5529,4859;
50323,0.011,1.053,0.339,-0.511,-0.467,0.297,-0.273,0.091,-0.204,5624,4855;
50353,-0.343,0.778,0.196,-0.259,-0.125,0.042,-0.273,0.091,-0.204,5675,4923;
50383,-0.294,0.929,0.073,0.141,0.199,-0.007,0.182,0.182,-0.204,5653,5019;
50413,0.034,0.993,0.070,0.302,0.293,0.061,0.182,0.182,-0.204,5622,5055;
50443,0.113,1.000,0.073,0.010,0.028,0.104,0.000,0.000,0.204,5587,5045;
50473,0.038,1.019,0.045,0.019,-0.083,0.019,0.000,0.000,0.204,5605,5038;
50503,-0.004,1.008,0.056,0.106,-0.132,-0.148,0.182,0.091,0.102,5616,5086;
50523,0.053,1.004,0.042,0.279,-0.316,-0.283,0.182,0.091,0.102,5621,5150;
50563,0.102,0.906,0.007,0.223,-0.498,-0.287,0.182,0.091,0.102,5638,5197;
50583,0.136,0.910,-0.042,0.146,-0.739,-0.209,-0.091,0.000,-0.102,5626,5194;
50613,0.117,0.880,-0.028,0.062,-0.880,-0.134,-0.091,0.000,-0.102,5654,5179;
50653,0.064,0.884,-0.010,-0.085,-0.908,-0.108,0.273,0.182,-0.408,5672,5153;
50683,-0.026,0.948,-0.052,0.093,-0.727,-0.103,0.273,0.182,-0.408,5679,5138;
50713,0.041,0.880,-0.073,0.225,-0.701,0.006,0.000,0.000,-0.102,5668,5152;
50743,0.075,0.880,-0.098,0.205,-0.748,0.132,0.000,0.000,-0.102,5657,5154;
50773,0.041,0.880,-0.091,0.141,-0.805,0.193,0.000,0.000,-0.102,5637,5136;
50793,0.011,0.933,-0.066,0.086,-0.790,0.152,-0.182,0.000,-0.408,5609,5124;
50823,0.072,0.996,-0.126,0.157,-0.801,0.115,-0.182,0.000,-0.408,5602,5093;
50863,0.023,0.993,-0.171,0.177,-0.645,0.141,-0.091,0.273,0.102,5559,5059;
50893,0.038,1.098,-0.248,0.215,-0.538,0.013,-0.091,0.273,0.102,5541,5051;
50923,0.132,1.188,-0.290,0.389,-0.533,-0.042,-0.091,-0.091,-0.408,5529,5034;
50943,0.154,1.098,-0.353,0.447,-0.643,0.025,-0.091,-0.091,-0.408,5518,5020;
50973,0.113,1.136,-0.164,-0.036,-0.296,-0.147,0.000,-0.091,-0.306,5454,5002;
51003,-0.158,1.497,-0.028,-0.118,0.072,-0.334,0.000,-0.091,-0.306,5468,4996;
51036,-0.327,1.463,0.021,0.256,0.352,-0.432,0.000,-0.091,-0.306,5460,5000;
51083,-0.143,0.850,0.105,0.356,0.146,-0.330,-0.091,0.182,-0.306,5424,5040;
51103,0.132,0.948,0.178,0.149,-0.436,0.118,-0.091,0.182,-0.306,5412,5035;
51133,0.011,0.978,0.073,0.202,-0.357,0.311,0.000,0.091,-0.408,5405,5022;
51163,-0.117,0.891,0.129,0.056,-0.205,0.267,0.000,0.091,-0.408,5407,5022;
51193,-0.102,0.959,0.084,0.038,0.117,0.228,-0.182,-0.091,0.102,5397,5000;
51213,0.004,0.951,0.049,0.073,0.248,0.249,-0.182,-0.091,0.102,5387,5015;
51256,0.015,0.936,0.031,-0.040,0.279,0.220,-0.182,-0.091,0.102,5377,4897;
51293,0.041,0.948,0.017,-0.079,0.302,0.113,-0.091,0.000,-0.102,5376,4934;
51313,0.041,0.940,-0.007,-0.059,0.319,0.039,0.182,0.000,-0.102,5376,4923;
51353,0.098,0.963,-0.042,-0.073,0.313,-0.001,0.182,0.000,-0.102,5367,4825;
51383,0.109,0.914,-0.045,-0.223,0.242,-0.039,0.000,0.455,0.102,5361,4747;
51413,0.113,0.985,-0.035,-0.146,0.166,-0.050,0.000,0.455,0.102,5340,4707;
51443,0.087,0.981,-0.052,-0.035,0.148,-0.070,0.000,0.455,0.102,5334,4678;
51483,0.098,0.974,-0.098,-0.068,0.236,-0.109,0.000,-0.182,-0.102,5304,4642;
51513,0.072,0.914,-0.091,-0.146,0.300,-0.114,0.000,-0.182,-0.102,5282,4633;
51543,0.105,0.940,-0.115,-0.083,0.418,-0.165,0.000,0.000,-0.204,5274,4617;
51573,0.139,0.951,-0.129,-0.134,0.459,-0.170,0.000,0.000,-0.204,5277,4619;
51603,0.166,0.940,-0.105,-0.187,0.386,-0.119,0.000,0.000,-0.204,5269,4570;
51633,0.203,0.970,-0.129,-0.112,0.393,-0.120,0.000,0.000,-0.204,5262,4587;
51663,0.203,0.974,-0.171,-0.182,0.471,-0.079,0.091,0.000,-0.408,5261,4561;
51703,0.177,1.049,-0.154,-0.283,0.613,-0.090,0.091,0.000,-0.408,5291,4484;
51743,0.151,1.068,-0.168,-0.279,1.022,-0.063,-0.182,0.727,1.122,5334,4519;
51763,0.154,1.147,-0.175,0.021,1.026,0.056,-0.182,0.727,1.122,5348,4613;
51793,0.271,1.357,0.045,-0.222,0.436,0.300,-0.182,-0.091,0.000,5336,4591;
51813,0.354,1.470,0.000,-0.412,0.305,0.709,-0.182,-0.091,0.000,5356,4581;
51843,0.361,1.380,0.147,-0.643,-0.256,0.576,-0.182,-0.091,0.000,5471,4561;
51878,-0.151,0.948,0.304,-0.384,-0.118,0.263,-0.182,-0.091,-0.408,5594,4626;
51923,-0.346,0.929,0.070,0.158,0.382,-0.056,-0.182,-0.091,-0.408,5589,4902;
51953,0.004,0.985,0.066,0.384,0.426,0.001,0.000,-0.273,-0.204,5603,4989;
51973,0.117,0.951,0.056,0.102,0.220,0.059,0.000,-0.273,-0.204,5623,4993;
52003,0.056,0.966,0.066,0.106,0.132,0.074,0.000,-0.091,-0.408,5646,4969;
52023,-0.034,0.951,0.007,0.220,0.052,-0.005,0.000,-0.091,-0.408,5680,4967;
52053,0.000,1.019,0.014,0.272,-0.016,-0.089,0.000,-0.091,-0.408,5713,5015;
52096,0.060,0.985,0.031,0.305,-0.155,-0.157,0.273,-0.091,-0.612,5751,5047;
52143,0.113,0.933,-0.038,0.169,-0.385,-0.119,0.000,-0.909,-1.429,5811,5057;
52163,0.083,0.933,-0.077,0.222,-0.528,-0.166,0.000,-0.909,-1.429,5842,5040;
52193,0.087,0.940,-0.042,0.253,-0.520,-0.119,0.000,-0.909,-1.429,5889,5038;
52213,0.041,0.910,-0.049,0.222,-0.571,-0.041,0.182,0.000,-0.102,5922,4986;
52243,0.004,0.914,-0.087,0.226,-0.492,0.001,0.182,0.000,-0.102,5946,4978;
52273,0.019,0.884,-0.133,0.121,-0.545,0.028,0.091,0.000,-0.408,5964,4974;
52303,0.113,0.891,-0.105,0.101,-0.680,0.081,0.091,0.000,-0.408,5963,4951;
52323,0.102,0.914,-0.147,0.121,-0.690,0.075,0.091,0.000,-0.408,5982,4959;
52365,0.102,0.940,-0.196,0.078,-0.702,0.083,0.182,0.364,-0.306,5975,4931;
52393,0.072,0.996,-0.185,-0.006,-0.821,0.045,0.182,0.364,-0.306,5938,4930;
52423,0.019,1.064,-0.251,-0.007,-0.708,0.019,-0.091,-0.182,1.122,5929,4892;
52453,0.019,1.064,-0.244,-0.042,-0.584,-0.040,-0.091,-0.182,1.122,5916,4936;
52483,0.117,1.072,-0.220,-0.083,-0.538,-0.157,0.091,0.000,0.000,5901,4948;
52513,0.109,1.109,-0.262,0.137,-0.694,-0.079,0.091,0.000,0.000,5882,4934;
52573,0.041,1.188,-0.290,0.124,-0.225,-0.187,0.000,0.000,-0.306,5767,4926;
52593,-0.294,1.391,0.003,0.511,0.155,-0.475,0.000,0.000,-0.306,5689,4949;
52633,-0.105,1.083,-0.014,0.761,0.057,-0.300,-0.182,0.091,-0.510,5653,4996;
52663,0.215,0.699,0.164,0.070,-0.542,0.100,-0.182,0.091,-0.510,5626,4990;
52693,0.196,0.925,0.189,0.013,-0.804,0.272,0.000,0.000,0.408,5611,4978;
52726,-0.094,0.887,0.122,-0.148,-0.527,0.227,0.000,0.000,0.408,5604,4968;
52773,-0.181,0.985,0.073,-0.040,-0.010,0.227,0.000,0.091,-0.102,5562,4977;
52793,0.019,0.910,0.007,-0.059,0.095,0.205,0.000,0.091,-0.102,5539,4980;
52833,0.072,0.936,0.028,-0.183,0.042,0.214,-0.091,0.091,0.102,5514,4960;
52853,0.049,0.985,-0.031,-0.076,0.057,0.142,-0.091,0.091,0.102,5500,4937;
52893,0.053,0.925,-0.059,-0.084,0.030,0.070,0.091,0.091,-0.408,5496,4934;
52913,0.098,0.933,-0.056,-0.127,0.074,0.040,0.091,0.091,-0.408,5489,4928;
52958,0.136,0.948,-0.056,-0.119,-0.024,0.042,-0.091,0.182,-0.204,5482,4901;
52993,0.083,0.955,-0.094,-0.030,0.039,-0.033,-0.091,0.182,-0.204,5482,4873;
53023,0.064,0.970,-0.105,0.002,0.095,-0.085,-0.091,0.091,-0.102,5470,4828;
53053,0.060,0.951,-0.101,-0.028,0.197,-0.080,-0.091,0.091,-0.102,5411,4831;
53093,0.090,0.940,-0.129,-0.040,0.430,-0.073,-0.182,-0.091,-0.204,5426,4804;
53123,0.109,0.936,-0.136,-0.098,0.585,-0.066,-0.182,-0.091,-0.204,5394,4786;
53158,0.151,0.985,-0.101,-0.101,0.525,-0.053,-0.182,-0.091,-0.204,5350,4763;
53193,0.166,0.944,-0.140,-0.074,0.601,-0.073,0.000,-0.818,0.000,5343,4775;
53223,0.233,1.027,-0.108,-0.283,0.680,-0.059,0.000,0.091,-0.510,5337,4766;
53253,0.211,1.154,-0.154,-0.132,0.823,-0.004,0.000,0.091,-0.510,5336,4756;
53283,0.237,1.139,-0.231,0.142,0.828,0.100,0.000,0.091,-0.510,5346,4757;
53313,0.286,1.173,-0.129,0.164,0.731,0.194,-0.182,0.000,0.000,5378,4750;
53343,0.290,1.335,-0.077,-0.299,0.311,0.414,-0.182,0.000,0.000,5410,4733;
53383,0.286,1.369,0.105,-0.466,-0.068,0.316,0.182,0.091,0.918,5492,4728;
53403,-0.015,0.981,0.339,-0.472,-0.334,0.236,0.182,0.091,0.918,5573,4763;
53443,-0.414,0.914,0.077,-0.246,0.006,0.041,0.273,0.000,-0.204,5621,4826;
53473,-0.196,0.981,0.052,-0.002,0.336,0.041,0.273,0.000,-0.204,5609,4885;
53503,-0.004,1.015,0.038,-0.050,0.047,-0.024,-0.182,-0.455,-0.816,5605,4880;
53523,0.023,0.978,-0.028,-0.001,-0.102,-0.076,-0.182,-0.455,-0.816,5624,4893;
53573,0.026,0.936,0.003,0.006,-0.265,-0.089,0.091,0.091,-0.102,5652,4908;
53593,-0.011,0.989,-0.024,0.057,-0.415,-0.160,0.091,0.091,-0.102,5683,4934;
53633,-0.023,0.978,-0.014,0.098,-0.425,-0.147,0.091,0.091,-0.102,5695,4952;
53663,0.004,0.940,-0.035,0.168,-0.448,-0.074,0.273,0.455,0.816,5686,4959;
53693,0.049,0.948,-0.056,0.137,-0.523,0.006,0.273,0.455,0.816,5710,4959;
53713,0.053,0.966,-0.014,0.103,-0.516,0.011,0.000,-0.273,-0.102,5741,4966;
53756,0.060,0.978,-0.070,0.018,-0.526,-0.036,0.000,-0.273,-0.102,5748,4959;
53803,0.041,0.963,-0.070,0.154,-0.430,-0.007,0.091,0.182,-0.408,5739,5022;
53823,0.019,0.869,-0.122,0.154,-0.430,0.044,0.091,0.182,-0.408,5724,5043;
53853,0.041,0.891,-0.140,0.151,-0.395,0.096,0.091,0.182,0.204,5707,5042;
53883,0.030,0.891,-0.129,0.063,-0.438,0.119,0.091,0.182,0.204,5672,5049;
53923,0.026,0.993,-0.154,0.126,-0.378,0.095,-0.182,0.182,1.224,5672,5030;
53965,0.011,0.966,-0.164,0.040,-0.314,0.064,-0.182,0.182,1.224,5638,4966;
53993,0.053,0.989,-0.178,-0.044,-0.296,-0.028,-0.182,0.545,-0.204,5635,5012;
54023,0.064,1.057,-0.248,-0.018,-0.291,-0.069,-0.182,0.545,-0.204,5607,5023;
54053,0.117,1.128,-0.248,0.113,-0.427,-0.055,0.091,-0.091,-0.306,5573,5025;
54073,0.154,1.136,-0.304,0.215,-0.572,0.015,0.091,-0.091,-0.306,5568,5020;
54113,0.098,1.045,-0.300,0.067,-0.470,0.013,-0.091,0.000,0.000,5556,5002;
54143,-0.019,1.339,-0.084,-0.010,-0.123,-0.223,-0.091,0.000,0.000,5490,4984;
54183,-0.309,1.485,0.038,0.348,0.276,-0.381,0.000,-0.182,-0.204,5383,4964;
54213,-0.041,0.820,0.024,0.484,0.449,-0.342,0.000,-0.182,-0.204,5356,4990;
54233,0.154,0.752,0.108,0.110,0.011,-0.101,0.000,-0.909,-0.408,5337,5006;
54263,0.199,0.917,0.178,-0.055,-0.401,0.154,0.000,-0.909,-0.408,5331,5003;
54303,0.011,0.985,0.112,-0.089,-0.259,0.280,0.000,-0.909,-0.408,5318,5009;
54333,-0.105,0.996,0.070,-0.033,-0.015,0.322,0.000,0.727,1.327,5305,5006;
54363,-0.019,0.955,0.087,-0.018,0.189,0.261,0.000,0.727,1.327,5271,4971;
54403,-0.008,0.970,0.028,-0.035,0.378,0.200,0.182,-0.909,1.122,5246,4959;
54443,0.049,0.955,0.007,-0.100,0.424,0.148,0.182,-0.909,1.122,5235,4950;
54463,0.094,0.993,-0.024,-0.061,0.443,0.079,-0.182,-0.091,-1.122,5222,4914;
54493,0.109,0.993,-0.028,-0.046,0.437,0.032,-0.182,-0.091,-1.122,5217,4902;
54523,0.147,0.966,-0.056,-0.034,0.359,0.042,0.091,0.091,0.102,5215,4844;
54566,0.147,0.933,-0.059,-0.056,0.353,0.033,0.091,0.091,0.102,5206,4782;
54603,0.117,0.963,-0.052,-0.079,0.304,-0.030,0.273,0.000,0.000,5205,4760;
54623,0.087,0.948,-0.087,-0.131,0.391,-0.050,0.273,0.000,0.000,5201,4745;
54663,0.124,0.951,-0.091,-0.120,0.431,-0.076,0.000,0.091,-0.204,5192,4736;
54693,0.154,0.966,-0.108,-0.093,0.436,-0.137,0.000,0.091,-0.204,5169,4730;
54723,0.184,0.948,-0.101,-0.075,0.311,-0.118,0.000,-0.273,-0.204,5182,4727;
54743,0.196,0.940,-0.094,-0.070,0.193,-0.093,0.000,-0.273,-0.204,5181,4718;
54793,0.184,0.921,-0.126,-0.118,0.205,-0.079,0.455,0.636,-0.204,5165,4727;
54823,0.222,1.019,-0.154,-0.074,0.214,-0.092,0.455,0.636,-0.204,5194,4742;
54853,0.211,1.023,-0.171,-0.080,0.268,-0.069,0.000,-0.091,-0.306,5205,4775;
54883,0.151,1.045,-0.164,-0.153,0.398,-0.061,0.000,-0.091,-0.306,5225,4782;
54913,0.120,1.079,-0.244,-0.055,0.670,-0.100,0.000,-0.091,-0.306,5250,4912;
54943,0.181,1.113,-0.196,0.032,0.847,-0.002,-0.273,0.000,-0.204,5258,5044;
54993,0.361,1.380,0.066,-0.397,0.089,0.520,-0.273,0.000,-0.204,5303,5049;
55013,0.211,1.188,0.213,-0.719,-0.220,0.629,-0.182,0.000,-0.510,5417,4989;
55043,-0.184,1.008,0.300,-0.387,-0.317,0.278,-0.182,0.000,-0.510,5510,4986;
55073,-0.373,0.996,0.094,0.013,0.271,-0.001,-0.091,-0.182,-0.102,5535,5053;
55103,-0.056,0.963,0.017,0.233,0.194,-0.010,-0.091,-0.182,-0.102,5507,5133;
55133,0.090,0.951,0.049,0.186,0.051,0.005,-0.091,0.000,-0.408,5488,5164;
55174,0.098,0.970,0.094,-0.109,-0.249,0.035,-0.091,0.000,-0.408,5522,5130;
55203,-0.038,1.075,0.017,0.027,-0.277,-0.085,0.000,-0.909,0.000,5600,5124;
55233,-0.015,1.064,0.000,0.304,-0.263,-0.202,0.000,-0.909,0.000,5632,5130;
55263,0.049,0.940,0.017,0.340,-0.329,-0.203,0.182,0.182,-0.204,5646,5155;
55283,0.113,0.902,-0.003,0.256,-0.465,-0.153,0.182,0.182,-0.204,5656,5141;
55323,0.098,0.929,-0.024,0.253,-0.540,-0.121,0.182,0.182,-0.204,5668,5170;
55343,0.068,0.951,-0.024,0.262,-0.514,-0.070,-0.364,0.000,0.102,5682,5167;
55387,0.060,0.951,-0.021,0.237,-0.549,-0.035,-0.364,0.000,0.102,5679,5148;
55423,0.019,0.906,-0.101,0.338,-0.516,0.033,0.091,-0.727,-0.306,5699,5133;
55443,0.072,0.914,-0.147,0.305,-0.539,0.079,0.091,-0.727,-0.306,5687,5104;
55473,0.120,0.917,-0.140,0.152,-0.539,0.137,-0.182,0.273,-0.204,5677,5075;
55503,0.087,0.914,-0.087,-0.050,-0.659,0.098,-0.182,0.273,-0.204,5681,5041;
55533,0.000,0.963,-0.147,0.035,-0.510,-0.015,0.000,0.000,-0.408,5677,5019;
55576,0.023,1.042,-0.164,0.039,-0.423,-0.044,0.000,0.000,-0.408,5676,5001;
55613,0.090,0.974,-0.182,0.021,-0.437,-0.044,0.091,-0.455,-0.612,5677,4978;
55643,0.098,1.083,-0.234,0.035,-0.387,-0.081,0.091,-0.455,-0.612,5673,4964;
55663,0.124,1.087,-0.258,0.085,-0.464,-0.096,0.000,0.091,-0.102,5670,4948;
55693,0.158,1.072,-0.279,0.117,-0.483,-0.098,0.000,0.091,-0.102,5680,4944;
55723,0.083,1.301,-0.073,-0.074,-0.075,-0.314,0.000,0.091,-0.102,5642,4940;
55753,-0.196,1.497,-0.017,0.127,0.041,-0.518,-0.364,0.000,-0.510,5588,4951;
55803,-0.218,1.309,-0.122,0.596,0.209,-0.508,-0.364,0.000,-0.510,5552,4975;
55823,0.087,0.771,0.038,0.274,0.171,-0.249,-0.182,-0.091,-0.102,5533,5054;
55853,0.162,0.793,0.210,0.049,-0.429,0.000,-0.182,-0.091,-0.102,5518,5054;
55883,0.083,0.963,0.119,0.075,-0.421,0.160,0.000,0.091,-0.204,5519,5034;
55913,-0.019,0.929,0.108,-0.006,-0.312,0.143,0.000,0.091,-0.204,5519,5013;
55943,-0.068,0.936,0.094,0.033,-0.203,0.144,0.000,-0.273,-0.204,5514,4985;
55973,-0.004,0.955,0.045,0.123,-0.228,0.131,0.000,-0.273,-0.204,5493,4970;
56013,0.038,0.966,-0.038,-0.019,-0.181,0.160,-0.091,0.182,0.000,5437,4930;
56043,0.045,0.951,-0.038,-0.155,-0.172,0.129,-0.091,0.182,0.000,5445,4928;
56073,0.023,0.955,-0.035,-0.146,-0.136,0.032,0.091,-0.182,-0.510,5436,4902;
56103,0.030,0.966,-0.077,-0.062,-0.061,-0.027,0.091,-0.182,-0.510,5437,4910;
56133,0.064,0.940,-0.101,-0.066,-0.056,-0.023,0.091,-0.182,-0.510,5430,4873;
56163,0.094,0.959,-0.101,-0.005,-0.085,0.015,0.091,0.000,-0.306,5406,4826;
56183,0.098,0.933,-0.122,-0.001,-0.030,0.005,0.091,0.000,-0.306,5398,4804;
56213,0.053,0.940,-0.133,-0.039,0.084,-0.029,-0.364,-0.091,0.102,5389,4753;
56263,0.087,0.959,-0.171,0.021,0.214,-0.028,-0.364,-0.091,0.102,5354,4724;
56293,0.117,0.917,-0.185,-0.008,0.463,-0.027,0.091,-0.182,0.102,5324,4679;
56333,0.151,0.929,-0.164,-0.121,0.540,0.004,0.091,-0.182,0.102,5285,4654;
56353,0.188,0.955,-0.140,-0.146,0.511,0.044,0.273,0.273,-0.306,5296,4652;
56403,0.207,0.966,-0.108,-0.232,0.426,0.040,0.273,0.273,-0.306,5294,4659;
56423,0.207,1.113,-0.168,-0.229,0.609,0.033,0.182,0.182,-0.204,5285,4685;
56453,0.226,1.121,-0.175,-0.165,0.687,0.075,0.182,0.182,-0.204,5306,4704;
56483,0.173,1.132,-0.203,0.187,0.711,0.119,0.182,-0.091,-0.102,5311,4773;
56513,0.218,1.354,-0.112,-0.006,0.466,0.404,0.182,-0.091,-0.102,5322,4735;
56543,0.335,1.436,-0.038,-0.387,0.206,0.613,0.182,-0.091,-0.102,5350,4718;
56563,0.297,1.275,0.213,-0.572,-0.261,0.608,0.182,0.273,0.102,5426,4629;
56623,-0.215,0.981,0.241,-0.376,0.142,0.199,0.091,0.091,-0.306,5567,4698;
56653,-0.188,1.008,0.035,0.265,0.585,0.021,0.091,0.091,-0.306,5578,4763;
56683,0.023,1.011,0.014,0.183,0.477,0.040,0.091,0.091,-0.306,5564,4771;
56703,0.139,1.000,0.028,-0.076,0.202,0.063,-0.273,0.000,-0.102,5564,4762;
56743,0.023,0.955,0.007,-0.025,0.066,-0.021,-0.273,0.000,-0.102,5608,4757;
56763,-0.034,0.989,-0.035,0.165,0.059,-0.192,-0.273,-0.091,-0.102,5639,4767;
56813,0.026,0.974,-0.059,0.174,0.004,-0.177,-0.273,-0.091,-0.102,5671,4821;
56843,0.113,0.929,-0.038,0.058,-0.195,-0.081,0.000,-0.545,-0.306,5718,4847;
56863,0.064,0.914,-0.066,0.044,-0.288,-0.127,0.000,-0.545,-0.306,5763,4857;
56903,0.056,0.955,-0.098,0.101,-0.287,-0.155,0.273,-0.091,-0.102,5804,4876;
56933,0.132,0.985,-0.063,0.137,-0.352,-0.101,0.273,-0.091,-0.102,5854,4884;
56953,0.079,0.925,-0.091,0.058,-0.447,-0.104,0.091,-0.182,0.306,5921,4906;
56983,0.087,0.925,-0.115,0.069,-0.499,-0.055,0.091,-0.182,0.306,5988,4921;
57013,0.068,0.925,-0.105,0.073,-0.582,0.030,0.091,-0.182,0.306,6024,4918;
57053,0.049,0.925,-0.126,0.017,-0.590,0.040,0.000,0.273,-0.204,6034,4922;
57083,0.034,0.917,-0.087,-0.010,-0.650,0.063,0.000,0.273,-0.204,6039,4918;
57113,0.019,0.959,-0.175,0.041,-0.551,0.058,0.091,0.364,0.204,6039,4903;
57143,0.034,0.963,-0.189,0.001,-0.478,0.056,0.091,0.364,0.204,5978,4882;
57173,0.026,0.985,-0.217,-0.023,-0.460,0.045,0.000,0.364,-0.306,5975,4861;
57213,0.068,1.027,-0.238,-0.030,-0.455,-0.008,0.000,0.364,-0.306,5948,4841;
57243,0.132,1.068,-0.279,-0.050,-0.601,-0.027,-0.091,-0.091,-0.102,5918,4849;
57273,0.154,1.053,-0.286,0.126,-0.873,0.010,-0.091,-0.091,-0.102,5951,4866;
57303,0.075,1.045,-0.238,0.007,-0.626,-0.110,0.091,-0.091,0.000,5977,4865;
57343,-0.109,1.440,-0.017,0.204,-0.397,-0.268,0.091,-0.091,0.000,5960,4894;
57373,-0.369,1.406,-0.021,0.506,0.327,-0.586,0.000,-0.091,-0.102,5973,4938;
57403,-0.098,0.767,-0.024,0.432,0.386,-0.511,0.000,-0.091,-0.102,5950,5010;
57443,0.218,0.921,0.140,0.059,-0.304,-0.053,0.000,0.182,0.204,5848,4964;
57463,0.064,1.068,0.070,0.013,-0.322,0.204,0.000,0.182,0.204,5819,4947;
57493,-0.008,1.019,0.115,0.098,-0.318,0.233,0.000,0.182,0.204,5806,4918;
57533,-0.105,0.944,0.059,0.161,-0.118,0.255,0.182,-0.091,-0.306,5786,4910;
57553,-0.072,0.921,0.021,0.062,0.148,0.240,0.182,-0.091,-0.306,5745,4843;
57593,-0.034,0.910,0.028,-0.159,0.278,0.203,0.182,0.000,-0.102,5668,4831;
57633,0.079,0.993,0.038,-0.160,0.306,0.109,0.182,0.000,-0.102,5658,4844;
57663,0.064,0.917,-0.056,-0.134,0.228,0.019,0.273,0.000,0.102,5635,4838;
57693,0.087,0.944,-0.066,-0.085,0.186,-0.001,0.273,0.000,0.102,5614,4822;
57713,0.124,0.955,-0.094,-0.097,0.168,0.008,-0.091,-0.273,-0.102,5589,4801;
57753,0.132,0.959,-0.112,-0.085,0.089,0.016,-0.091,-0.273,-0.102,5572,4758;
57847,0.136,0.959,-0.105,-0.131,-0.023,-0.012,0.182,-0.182,-0.102,5553,4729;
57859,0.087,0.955,-0.115,-0.129,0.027,-0.041,0.182,-0.182,-0.102,5542,4696;
57871,0.053,0.951,-0.108,-0.158,0.210,-0.084,0.182,-0.182,-0.102,5530,4678;
57882,0.060,0.940,-0.122,-0.134,0.347,-0.123,-0.091,0.182,0.000,5501,4666;
57903,0.102,0.959,-0.119,-0.097,0.452,-0.140,-0.091,0.182,0.000,5494,4655;
57923,0.203,0.970,-0.119,-0.069,0.447,-0.113,-0.091,-0.091,0.408,5480,4639;
57963,0.181,0.966,-0.133,-0.090,0.396,-0.062,-0.091,-0.091,0.408,5446,4614;
57993,0.169,1.019,-0.161,-0.091,0.404,-0.006,-0.273,-0.091,-0.102,5445,4593;
58013,0.184,1.083,-0.182,-0.090,0.472,0.000,-0.273,-0.091,-0.102,5449,4577;
58053,0.196,1.090,-0.168,-0.108,0.447,-0.012,0.000,0.545,-0.204,5453,4519;
58083,0.151,1.060,-0.196,0.012,0.574,-0.017,0.000,0.545,-0.204,5459,4562;
58103,0.132,1.188,-0.178,-0.141,0.698,0.126,0.000,0.545,-0.204,5441,4589;
58133,0.373,1.504,-0.045,-0.429,0.353,0.461,0.000,0.182,-0.510,5419,4558;
58163,0.414,1.478,0.178,-0.651,-0.178,0.465,0.000,0.182,-0.510,5456,4497;
58203,-0.177,1.049,0.241,-0.425,-0.008,0.277,0.182,-1.000,-1.735,5613,4514;
58243,-0.433,0.891,0.017,0.168,0.769,-0.022,0.182,-1.000,-1.735,5680,4664;
58273,0.072,0.985,0.066,0.347,0.671,0.047,-0.182,0.182,0.510,5641,4765;
58303,0.147,0.974,0.045,0.030,0.437,0.079,-0.182,0.182,0.510,5694,4770;
58343,0.038,1.000,0.028,0.007,0.181,0.078,0.000,0.273,-0.102,5715,4759;
58373,0.011,0.993,0.028,0.250,0.035,-0.102,0.000,0.273,-0.102,5750,4791;
58403,0.030,0.985,0.010,0.341,-0.123,-0.182,0.091,-0.273,-0.204,5806,4854;
58443,0.094,0.936,-0.017,0.293,-0.249,-0.106,0.091,-0.273,-0.204,5838,4898;
58473,0.075,0.917,-0.010,0.093,-0.452,-0.050,0.000,-0.091,0.000,5851,4906;
58493,0.041,0.925,-0.021,0.095,-0.512,-0.090,0.000,-0.091,0.000,5867,4907;
58523,-0.008,0.944,-0.073,0.191,-0.477,-0.052,0.091,-0.273,-0.204,5863,4914;
58553,0.004,0.936,-0.098,0.181,-0.425,-0.002,0.091,-0.273,-0.204,5859,4938;
58583,0.034,0.917,-0.070,0.074,-0.374,0.022,0.091,-0.273,-0.204,5858,4953;
58603,0.026,0.906,-0.105,0.032,-0.356,0.012,0.273,0.091,0.408,5874,4974;
58653,0.041,0.914,-0.108,-0.021,-0.396,0.012,0.273,0.091,0.408,5891,4985;
58673,0.041,0.963,-0.129,0.022,-0.420,0.073,0.182,-0.182,0.000,5861,4982;
58703,0.049,0.963,-0.147,0.024,-0.415,0.045,0.182,-0.182,0.000,5876,4960;
58736,0.064,0.989,-0.164,0.016,-0.455,0.016,0.364,-0.182,-0.102,5874,4922;
58773,0.049,0.985,-0.206,-0.013,-0.367,0.050,0.364,-0.182,-0.102,5865,4876;
58793,0.068,1.000,-0.210,-0.069,-0.423,0.057,0.000,0.091,-0.204,5852,4892;
58823,0.143,1.042,-0.238,-0.059,-0.463,0.040,0.000,0.091,-0.204,5839,4857;
58863,0.154,1.064,-0.255,0.074,-0.639,-0.005,0.000,0.091,-0.204,5839,4855;
58883,0.147,1.068,-0.304,0.130,-0.713,-0.010,0.000,-1.000,-0.306,5849,4878;
58913,0.049,1.196,-0.143,-0.238,-0.331,-0.249,0.000,-1.000,-0.306,5803,4839;
58943,-0.222,1.504,-0.028,0.076,-0.039,-0.437,0.182,0.091,-0.306,5731,4868;
58973,-0.263,1.184,-0.073,0.635,0.042,-0.391,0.182,0.091,-0.306,5706,4880;
59003,-0.083,0.861,-0.049,0.561,0.231,-0.392,0.091,-0.182,-0.102,5693,4956;
59053,0.166,0.714,0.101,0.035,-0.438,0.025,0.091,-0.182,-0.102,5659,4925;
59083,0.072,0.959,0.101,0.006,-0.561,0.182,0.000,-0.545,-1.735,5646,4894;
59103,-0.053,0.917,0.094,0.010,-0.399,0.149,0.000,-0.545,-1.735,5642,4896;
59133,-0.068,0.963,0.059,0.079,-0.232,0.131,-0.364,0.091,-0.306,5624,4890;
59163,-0.004,0.978,-0.028,0.176,-0.148,0.192,-0.364,0.091,-0.306,5586,4874;
59193,0.109,0.970,-0.028,0.045,-0.203,0.219,-0.364,0.091,-0.306,5533,4866;
59223,0.075,0.985,-0.024,-0.108,-0.208,0.203,0.000,0.909,1.327,5517,4843;
59263,-0.004,0.963,-0.049,-0.063,-0.147,0.119,0.000,0.909,1.327,5496,4830;
59283,0.023,0.921,-0.052,-0.086,-0.084,0.072,-0.273,0.000,-0.102,5491,4823;
59313,0.072,0.917,-0.077,-0.126,-0.024,0.073,-0.273,0.000,-0.102,5483,4824;
59343,0.102,0.951,-0.073,-0.158,0.040,0.070,-0.091,0.182,-0.306,5474,4785;
59373,0.072,0.955,-0.084,-0.136,0.114,0.033,-0.091,0.182,-0.306,5468,4746;
59403,0.064,0.966,-0.108,-0.108,0.157,0.021,0.182,-0.818,-2.143,5464,4698;
59446,0.060,0.959,-0.126,-0.083,0.296,0.002,0.182,-0.818,-2.143,5450,4641;
59483,0.113,0.921,-0.101,-0.096,0.382,-0.062,0.455,0.000,0.102,5433,4612;
59503,0.128,0.944,-0.105,-0.092,0.392,-0.096,0.455,0.000,0.102,5417,4593;
59533,0.158,0.970,-0.084,-0.108,0.375,-0.097,0.455,0.000,0.102,5396,4571;
59573,0.117,0.948,-0.112,-0.146,0.424,-0.072,-0.091,0.000,0.000,5354,4518;
59593,0.128,1.000,-0.164,-0.171,0.596,-0.064,-0.091,0.000,0.000,5314,4492;
59643,0.184,1.068,-0.196,-0.147,0.761,-0.053,0.091,-1.091,-1.837,5306,4462;
59673,0.297,1.060,-0.143,-0.168,0.647,-0.044,0.273,-0.091,-0.306,5307,4374;
59703,0.207,1.068,-0.147,0.030,0.690,-0.011,0.273,-0.091,-0.306,5294,4476;
59743,0.218,1.320,-0.080,-0.202,0.401,0.176,0.273,-0.091,-0.306,5320,4467;
59773,0.350,1.384,0.119,-0.954,0.080,0.407,0.091,0.000,-0.102,5351,4408;
59803,0.015,1.132,0.300,-0.588,-0.265,0.402,0.091,0.000,-0.102,5436,4390;
59833,-0.395,0.996,0.161,-0.487,0.079,0.154,0.000,0.000,0.102,5505,4481;
59873,-0.256,0.978,0.024,0.032,0.494,-0.056,0.000,0.000,0.102,5499,4663;
59893,0.132,0.974,0.052,0.086,0.267,-0.016,0.000,0.091,1.224,5490,4712;
59923,0.143,0.955,0.021,-0.155,0.101,-0.017,0.000,0.091,1.224,5491,4773;
59953,0.041,0.974,0.052,-0.093,-0.079,-0.035,0.182,0.091,-0.408,5490,4808;
59983,-0.060,0.993,0.021,0.050,-0.061,-0.134,0.182,0.091,-0.408,5537,4858;
60003,-0.026,0.974,0.000,0.158,-0.042,-0.181,0.182,0.091,-0.408,5549,4918;
60033,-0.019,0.951,0.003,0.159,-0.062,-0.148,0.000,-0.091,-0.408,5565,4986;
60063,0.034,0.933,0.003,0.140,-0.148,-0.136,0.000,-0.091,-0.408,5595,4994;
60093,0.053,0.936,0.007,0.137,-0.223,-0.092,-0.182,0.273,-0.306,5636,5037;
60123,0.041,0.921,-0.014,0.120,-0.272,-0.056,-0.182,0.273,-0.306,5677,5079;
60163,0.041,0.970,-0.045,0.205,-0.340,-0.029,0.091,0.091,-0.306,5695,5103;
60183,0.060,0.970,-0.038,0.273,-0.431,0.041,0.091,0.091,-0.306,5720,5123;
60213,0.049,0.921,-0.094,0.251,-0.425,0.063,0.091,0.091,-0.306,5715,5135;
60253,0.072,0.891,-0.084,0.308,-0.470,0.058,-0.182,0.273,0.102,5713,5147;
60283,0.079,0.925,-0.073,0.205,-0.747,0.097,0.091,0.182,-0.306,5721,5160;
60313,0.011,0.940,-0.133,0.202,-0.711,0.109,0.091,0.182,-0.306,5716,5146;
60333,-0.023,0.970,-0.154,0.108,-0.696,0.104,0.091,0.182,-0.306,5704,5147;
60383,-0.049,1.023,-0.150,0.051,-0.622,0.047,0.000,0.091,-0.306,5693,5129;
60403,0.034,1.008,-0.168,-0.012,-0.494,-0.011,0.000,0.091,-0.306,5694,5120;
60443,0.041,1.072,-0.199,0.044,-0.412,-0.041,0.091,-0.091,-0.102,5690,5089;
60473,0.094,1.072,-0.269,0.166,-0.463,-0.036,0.091,-0.091,-0.102,5688,5084;
60503,0.136,1.023,-0.304,0.074,-0.446,-0.123,-0.273,-0.091,0.000,5688,5083;
60533,0.094,1.248,-0.031,-0.064,-0.137,-0.278,-0.273,-0.091,0.000,5650,5054;
60573,-0.158,1.365,0.017,0.092,0.160,-0.390,0.091,0.000,-0.306,5568,5044;
60593,-0.335,1.380,0.014,0.569,0.606,-0.580,0.091,0.000,-0.306,5519,5063;
60623,-0.011,0.933,-0.038,0.651,0.426,-0.306,0.091,0.000,-0.306,5478,5093;
60673,0.177,0.763,0.133,0.187,-0.559,0.187,0.182,0.273,0.000,5439,5057;
60703,0.034,0.933,0.108,-0.123,-0.392,0.256,-0.091,-0.182,-0.510,5438,5029;
60723,-0.090,0.985,0.080,-0.147,-0.205,0.249,-0.091,-0.182,-0.510,5415,5014;
60763,-0.075,1.023,0.063,-0.006,-0.042,0.236,-0.091,-0.182,-0.510,5432,5004;
60793,-0.008,0.910,0.059,-0.096,0.170,0.228,-0.091,0.091,0.000,5410,5017;
60823,-0.019,0.917,0.049,-0.273,0.339,0.188,-0.091,0.091,0.000,5393,4964;
60856,-0.038,1.015,0.045,-0.225,0.506,0.176,0.000,-0.182,-0.102,5374,4996;
60893,0.019,0.974,0.028,-0.084,0.529,0.092,0.000,-0.182,-0.102,5349,4990;
60923,0.128,0.974,-0.038,-0.059,0.573,0.045,0.091,0.091,-0.204,5341,4951;
60954,0.173,0.978,-0.038,-0.017,0.447,0.042,0.091,0.091,-0.204,5333,4936;
60993,0.143,0.948,-0.077,-0.044,0.338,0.028,0.091,-0.182,0.306,5319,4879;
61023,0.068,0.963,-0.101,-0.132,0.357,-0.049,0.091,-0.182,0.306,5311,4799;
61053,0.094,0.959,-0.077,-0.039,0.350,-0.078,0.000,0.000,-0.204,5299,4787;
61093,0.132,0.959,-0.094,-0.046,0.358,-0.093,0.000,0.000,-0.204,5275,4734;
61123,0.098,0.974,-0.133,-0.146,0.339,-0.066,0.273,0.000,-0.102,5260,4704;
61143,0.128,0.974,-0.101,-0.107,0.297,-0.010,0.273,0.000,-0.102,5237,4675;
61193,0.199,0.959,-0.080,-0.084,0.330,0.044,0.273,0.091,-0.816,5228,4654;
61223,0.196,0.970,-0.196,0.028,0.319,0.010,0.273,0.091,-0.816,5224,4653;
61267,0.252,0.981,-0.189,-0.038,0.033,-0.059,-0.091,0.091,0.000,5225,4639;
61303,0.188,1.019,-0.157,-0.268,0.126,-0.160,-0.091,0.091,0.000,5246,4643;
61323,0.132,1.060,-0.182,-0.091,0.347,-0.164,-0.091,0.000,-0.612,5258,4655;
61363,0.136,1.030,-0.147,0.052,0.395,-0.163,-0.091,0.000,-0.612,5280,4721;
61393,0.177,1.215,-0.070,-0.114,0.022,0.140,0.000,0.000,-0.306,5297,4761;
61413,0.388,1.320,0.154,-0.453,-0.142,0.407,0.000,0.000,-0.306,5352,4766;
61443,0.199,1.260,0.164,-0.537,-0.511,0.466,0.091,0.000,0.000,5407,4742;
61473,-0.207,1.008,0.196,-0.323,-0.147,0.302,0.091,0.000,0.000,5502,4812;
61503,-0.384,0.985,0.073,0.194,0.260,0.101,0.091,0.000,0.000,5530,4901;
61533,-0.105,1.030,0.042,0.454,0.436,0.137,0.000,0.000,0.408,5519,4980;
61553,0.196,0.996,0.056,0.322,0.311,0.172,0.000,0.000,0.408,5518,5009;
61593,0.207,0.940,0.091,-0.050,-0.076,0.147,-0.091,0.000,0.000,5559,4963;
61623,0.008,0.970,0.038,0.092,-0.152,-0.034,-0.091,0.000,0.000,5596,4966;
61653,-0.023,1.019,0.045,0.334,-0.237,-0.098,-0.091,0.273,0.000,5581,4986;
61693,0.056,1.004,-0.010,0.367,-0.342,-0.049,-0.091,0.273,0.000,5607,5022;
61723,0.098,0.910,-0.045,0.210,-0.427,-0.074,-0.273,0.000,0.102,5623,5039;
61743,0.087,0.895,-0.056,0.180,-0.506,-0.089,-0.273,0.000,0.102,5641,5045;
61774,0.083,0.902,-0.049,0.092,-0.542,-0.101,-0.273,0.000,0.102,5668,5037;
61803,0.064,0.940,-0.042,-0.036,-0.563,-0.083,0.000,0.091,0.102,5633,5070;
61823,0.038,0.944,-0.098,0.022,-0.556,-0.089,0.000,0.091,0.102,5721,5088;
61853,0.053,0.899,-0.126,-0.015,-0.573,-0.051,0.091,0.273,-0.102,5726,5111;
61895,0.098,0.917,-0.098,-0.068,-0.653,0.006,0.091,0.273,-0.102,5751,5107;
61923,0.087,0.959,-0.101,0.107,-0.676,0.025,-0.091,-0.364,0.102,5745,5092;
61953,0.072,0.993,-0.150,0.131,-0.665,0.012,-0.091,-0.364,0.102,5720,5084;
61983,0.098,1.015,-0.143,0.097,-0.772,0.050,-0.091,-0.364,0.102,5704,5057;
62013,0.038,0.985,-0.129,0.089,-0.714,0.101,0.182,-0.091,-0.408,5690,5021;
62043,-0.008,0.959,-0.210,0.078,-0.577,0.032,0.182,-0.091,-0.408,5663,4974;
62073,0.053,1.008,-0.203,0.038,-0.617,-0.028,-0.091,-0.273,-1.327,5664,5003;
62113,0.102,1.011,-0.206,0.022,-0.697,-0.006,-0.091,-0.273,-1.327,5667,4990;
62143,0.128,1.060,-0.307,0.155,-0.765,0.061,-0.091,0.000,0.102,5682,4989;
62163,0.151,1.019,-0.318,-0.013,-0.616,-0.005,-0.091,0.000,0.102,5670,4972;
62203,0.034,1.316,-0.035,-0.239,-0.463,-0.240,0.182,0.000,0.102,5629,4943;
62233,-0.260,1.357,0.003,0.007,0.084,-0.331,0.182,0.000,0.102,5607,4958;
62263,-0.267,1.271,0.003,0.250,0.294,-0.481,0.000,0.182,0.102,5577,4988;
62293,-0.034,0.929,0.003,0.279,0.198,-0.341,0.000,0.182,0.102,5540,5028;
62323,0.105,0.884,0.087,0.251,-0.240,0.004,0.000,0.182,0.102,5506,5023;
62343,0.056,0.940,0.101,0.124,-0.368,0.186,-0.182,-0.091,-0.204,5485,5000;
62384,0.011,0.944,0.119,0.015,-0.244,0.216,-0.182,-0.091,-0.204,5475,4967;
62413,0.026,0.993,0.049,0.142,-0.168,0.215,0.091,0.000,-0.102,5459,4944;
62453,0.008,0.951,0.010,0.090,-0.152,0.222,0.091,0.000,-0.102,5439,4934;
62485,-0.011,0.981,0.000,-0.028,0.044,0.214,0.000,0.273,-0.102,5403,4925;
62523,0.008,0.963,-0.017,-0.052,0.160,0.144,0.000,0.273,-0.102,5373,4916;
62543,0.019,0.974,-0.028,-0.004,0.147,0.102,0.182,0.091,0.102,5369,4906;
62573,0.030,0.974,-0.031,0.021,0.209,0.073,0.182,0.091,0.102,5347,4882;
62603,0.075,0.955,-0.059,0.013,0.289,0.046,0.000,0.000,0.000,5355,4871;
62633,0.124,0.970,-0.070,-0.055,0.251,0.005,0.000,0.000,0.000,5346,4824;
62663,0.090,0.963,-0.105,-0.053,0.288,-0.044,0.000,0.000,0.000,5291,4754;
62703,0.075,0.978,-0.080,-0.049,0.316,-0.062,0.000,-0.091,0.000,5330,4795;
62733,0.094,0.959,-0.105,-0.113,0.342,-0.063,0.000,-0.182,-0.408,5322,4693;
62763,0.083,0.925,-0.126,-0.112,0.409,-0.101,0.000,-0.182,-0.408,5311,4763;
62793,0.117,0.936,-0.147,-0.073,0.452,-0.120,0.000,-0.182,-0.408,5273,4720;
62823,0.177,0.940,-0.115,-0.204,0.444,-0.119,0.273,0.000,0.204,5288,4716;
62853,0.162,0.940,-0.122,-0.223,0.471,-0.108,0.273,0.000,0.204,5281,4705;
62883,0.166,0.959,-0.140,-0.178,0.465,-0.067,0.000,-0.091,0.204,5276,4696;
62923,0.196,0.996,-0.140,-0.189,0.448,-0.025,0.000,-0.091,0.204,5276,4686;
62953,0.188,1.049,-0.161,-0.151,0.457,-0.066,0.000,0.091,0.204,5285,4700;
62983,0.207,1.087,-0.213,-0.195,0.651,-0.095,0.000,0.091,0.204,5301,4706;
63013,0.260,1.083,-0.213,-0.186,0.766,-0.085,0.000,-0.273,-0.306,5341,4766;
63043,0.241,1.226,-0.091,-0.199,0.671,0.017,0.000,-0.273,-0.306,5356,4808;
63073,0.282,1.474,-0.059,-0.477,0.079,0.277,0.000,-0.273,-0.306,5399,4819;
63103,0.286,1.365,0.042,-0.620,-0.004,0.299,0.091,-0.273,-0.306,5468,4858;
63133,-0.008,1.098,0.258,-0.338,-0.283,0.367,0.091,-0.273,-0.306,5584,4858;
63163,-0.339,0.902,0.119,-0.270,0.079,0.169,0.273,0.727,-0.510,5671,4908;
63183,-0.271,0.846,0.112,-0.052,0.365,0.052,0.273,0.727,-0.510,5669,4974;
63223,-0.120,0.951,0.084,0.238,0.455,0.092,0.091,-0.091,0.306,5636,5013;
63253,0.034,1.008,0.059,0.112,0.305,0.142,0.091,-0.091,0.306,5612,5018;
63283,0.045,1.000,0.035,0.025,0.087,0.104,0.091,-0.636,-0.408,5628,5002;
63333,0.023,1.027,0.038,0.132,-0.004,-0.074,0.091,-0.636,-0.408,5710,5025;
63363,0.049,1.023,0.045,0.215,-0.194,-0.153,0.000,0.000,-0.408,5755,5052;
63393,0.064,0.951,0.007,0.185,-0.250,-0.178,0.000,0.000,-0.408,5768,5090;
63423,0.041,0.910,-0.021,0.127,-0.342,-0.148,0.182,0.000,-1.224,5805,5120;
63453,0.038,0.925,-0.059,0.117,-0.364,-0.130,0.182,0.000,-1.224,5840,5130;
63493,0.087,0.974,-0.063,0.210,-0.376,-0.092,0.182,0.000,-1.224,5852,5145;
63523,0.068,0.925,-0.087,0.168,-0.483,-0.057,0.000,-0.091,-0.408,5874,5143;
63553,0.053,0.876,-0.115,0.118,-0.554,-0.061,-0.364,0.000,-0.102,5889,5153;
63573,0.083,0.902,-0.119,0.024,-0.634,-0.035,-0.364,0.000,-0.102,5888,5145;
63613,0.094,0.933,-0.129,-0.015,-0.713,0.015,-0.364,0.000,-0.102,5871,5119;
63633,0.041,0.936,-0.129,0.013,-0.811,0.081,-0.182,0.000,-0.204,5862,5095;
63673,0.011,0.948,-0.115,0.066,-0.745,0.040,-0.182,0.000,-0.204,5851,5073;
63693,0.004,0.993,-0.136,0.058,-0.684,-0.023,-0.182,0.000,-0.102,5821,5057;
63743,0.023,0.981,-0.189,0.036,-0.659,0.012,-0.182,0.000,-0.102,5828,5009;
63773,0.053,1.015,-0.210,0.067,-0.713,0.018,0.000,0.091,0.000,5808,5021;
63803,0.087,1.072,-0.244,0.074,-0.788,0.039,0.000,0.091,0.000,5786,4995;
63833,0.102,1.090,-0.290,0.193,-0.854,0.114,0.182,0.091,0.000,5780,4979;
63853,0.015,1.113,-0.210,-0.012,-0.514,0.097,0.182,0.091,0.000,5755,4958;
63883,-0.060,1.403,-0.059,-0.180,-0.302,-0.176,0.182,0.091,0.000,5698,4937;
63913,-0.267,1.414,0.042,0.106,0.166,-0.295,0.091,0.273,0.510,5672,4940;
63933,-0.267,1.312,-0.038,0.415,0.181,-0.351,0.091,0.273,0.510,5634,4931;
63963,-0.120,0.902,-0.007,0.368,0.418,-0.338,0.000,0.000,-0.408,5608,4954;
64003,0.132,0.876,0.059,0.294,0.093,-0.112,0.000,0.000,-0.408,5586,4984;
64033,0.098,0.823,0.056,0.237,-0.380,0.186,-0.091,0.091,-0.102,5562,4986;
64063,0.117,0.940,0.150,0.016,-0.482,0.161,-0.091,0.091,-0.102,5546,4972;
64093,0.034,0.970,0.080,-0.017,-0.419,0.188,-0.091,0.091,-0.102,5537,4956;
64123,-0.015,0.948,0.084,0.127,-0.307,0.194,0.000,0.273,-0.816,5533,4952;
64163,-0.041,0.936,0.049,0.093,-0.174,0.216,0.000,0.273,-0.816,5484,4918;
64183,0.023,0.963,0.010,-0.047,0.038,0.240,0.000,0.000,0.000,5465,4938;
64213,0.023,0.985,-0.010,0.030,0.104,0.168,0.000,0.000,0.000,5442,4923;
64243,0.030,0.940,-0.003,-0.059,0.168,0.124,0.000,0.000,-0.204,5439,4926;
64273,0.045,0.974,-0.038,-0.068,0.294,0.110,0.000,0.000,-0.204,5434,4921;
64293,0.090,0.959,-0.059,-0.046,0.312,0.070,0.091,-0.273,-0.204,5422,4913;
64323,0.109,0.940,-0.077,-0.064,0.291,0.018,0.091,-0.273,-0.204,5424,4901;
64363,0.109,0.940,-0.052,-0.137,0.261,-0.030,0.091,-0.273,-0.204,5411,4877;
64393,0.041,0.978,-0.077,-0.146,0.378,-0.098,0.091,-0.636,0.918,5417,4857;
64433,0.068,0.966,-0.070,-0.110,0.436,-0.120,0.091,-0.636,0.918,5411,4830;
64453,0.064,0.940,-0.105,-0.022,0.646,-0.193,-0.091,0.182,-0.102,5405,4823;
64483,0.117,0.944,-0.122,-0.064,0.702,-0.214,-0.091,0.182,-0.102,5403,4814;
64522,0.162,0.948,-0.094,-0.102,0.660,-0.169,0.000,0.000,-0.204,5387,4758;
64563,0.132,0.925,-0.154,-0.069,0.620,-0.046,0.000,0.000,-0.204,5378,4719;
64593,0.222,1.042,-0.168,-0.025,0.637,-0.038,-0.091,-0.091,-0.204,5369,4707;
64623,0.252,1.038,-0.157,-0.249,0.450,0.016,-0.091,-0.091,-0.204,5377,4685;
64653,0.162,1.079,-0.168,-0.365,0.648,-0.093,-0.091,0.091,-0.102,5400,4685;
64673,0.166,1.154,-0.196,-0.169,1.051,-0.195,-0.091,0.091,-0.102,5430,4723;
64703,0.192,1.184,-0.189,0.110,1.236,-0.180,0.000,-0.182,-0.204,5445,4793;
64733,0.279,1.256,-0.087,0.226,0.834,0.012,0.000,-0.182,-0.204,5454,4799;
64767,0.384,1.403,-0.115,-0.307,0.166,0.363,0.000,-0.182,-0.204,5511,4770;
64803,0.260,1.297,0.115,-0.545,-0.313,0.251,-0.091,0.182,-0.102,5612,4736;
64843,-0.260,1.075,0.192,-0.305,-0.137,0.204,-23.273,-0.091,-0.102,5653,4769;
64863,-0.282,0.944,0.091,0.142,0.311,0.049,0.000,-0.091,-0.102,5680,4836;
64893,-0.192,0.906,0.059,0.331,0.396,0.052,0.000,-0.091,-0.102,5667,4869;
64923,-0.045,0.955,0.070,0.205,0.266,0.023,-0.091,0.000,-0.204,5642,4880;
64963,-0.030,0.963,0.056,0.191,0.251,0.008,-0.091,0.000,-0.204,5645,4879;
64994,-0.011,0.978,-0.010,0.109,0.019,0.038,-0.182,0.091,-0.408,5659,4883;
65033,0.034,1.045,0.035,0.296,-0.050,-0.106,-0.182,0.091,-0.408,5696,4904;
65063,0.060,1.030,0.035,0.228,-0.391,-0.159,0.273,0.091,-0.714,5763,4929;
65083,-0.004,0.955,-0.017,0.285,-0.438,-0.199,0.273,0.091,-0.714,5788,4953;
65123,-0.015,0.955,-0.042,0.266,-0.493,-0.204,0.000,-0.727,0.000,5819,4968;
65153,0.004,0.940,-0.059,0.165,-0.480,-0.195,0.000,-0.727,0.000,5832,5007;
65183,0.049,0.981,-0.066,0.205,-0.515,-0.126,0.000,-0.273,-0.306,5855,5026;
65213,0.023,0.959,-0.066,0.297,-0.563,-0.002,0.000,-0.273,-0.306,5881,4981;
65243,0.008,0.880,-0.073,0.199,-0.622,0.100,0.000,-0.273,-0.306,5873,5028;
65273,-0.045,0.906,-0.108,0.205,-0.602,0.073,0.091,-0.727,-1.327,5875,5056;
65303,-0.008,0.974,-0.161,0.220,-0.612,0.118,0.091,-0.727,-1.327,5839,5067;
65333,0.068,1.011,-0.154,0.249,-0.687,0.233,0.000,-0.273,-0.408,5804,5065;
65373,0.026,0.940,-0.136,0.102,-0.784,0.199,0.000,-0.273,-0.408,5789,5070;
65393,-0.004,0.891,-0.108,-0.070,-0.815,0.127,-0.091,0.727,-0.102,5788,5078;
65433,-0.008,1.027,-0.091,-0.021,-0.724,0.204,-0.091,0.727,-0.102,5760,5080;
65463,-0.060,0.944,-0.143,-0.072,-0.545,0.208,-0.091,0.000,0.000,5766,5077;
65493,-0.049,0.963,-0.143,-0.106,-0.529,0.187,-0.091,0.000,0.000,5757,5066;
65533,-0.004,0.970,-0.203,-0.010,-0.432,0.169,-0.091,-0.182,0.102,5756,5047;
65553,0.128,1.079,-0.010,-0.290,-0.323,0.050,-0.091,-0.182,0.102,5731,5005;
65585,-0.060,1.245,-0.003,-0.083,-0.219,-0.002,-0.091,-0.182,0.102,5715,4985;
65623,-0.192,1.263,-0.038,0.204,-0.010,-0.245,0.000,0.091,0.000,5676,4978;
65653,0.041,1.057,-0.108,0.402,0.008,-0.121,0.000,0.091,0.000,5661,4989;
65683,0.136,0.872,-0.073,0.248,-0.256,0.016,-0.364,-0.091,0.102,5649,5001;
65703,0.098,0.914,-0.007,0.010,-0.375,0.027,-0.364,-0.091,0.102,5629,4988;
65743,0.015,0.936,-0.014,-0.107,-0.249,0.027,-0.091,0.091,-0.204,5620,4973;
65773,0.030,0.985,0.014,-0.050,-0.188,-0.045,-0.091,0.091,-0.204,5625,4965;
65813,0.064,0.996,0.024,0.008,-0.211,-0.069,0.091,0.000,-0.306,5620,4983;
65843,0.034,0.974,0.010,-0.096,-0.141,-0.036,0.091,0.000,-0.306,5589,4986;
65873,0.030,1.027,0.017,-0.090,-0.084,-0.025,0.000,-0.182,-1.735,5575,4995;
65903,0.008,1.030,0.003,-0.005,-0.075,-0.004,0.000,-0.182,-1.735,5560,5002;
65923,0.008,0.996,-0.014,0.053,-0.059,0.011,0.091,0.000,-1.735,5527,4976;
65953,0.041,0.978,-0.038,-0.023,-0.018,0.024,0.091,0.000,-1.735,5518,5006;
65991,0.087,1.045,0.007,-0.103,-0.057,0.024,0.091,0.000,-1.735,5539,5013;
66043,0.038,1.000,0.021,-0.138,-0.061,-0.019,0.091,-0.182,-0.102,5545,5031;
66073,0.000,0.981,-0.024,-0.108,-0.015,-0.030,0.273,0.091,-0.306,5545,5045;
66093,0.019,1.011,-0.010,-0.098,-0.019,-0.019,0.273,0.091,-0.306,5542,5041;
66123,0.026,1.030,-0.010,-0.062,-0.038,-0.025,0.273,0.091,-0.306,5539,5030;
66163,0.026,0.996,-0.038,-0.085,-0.040,0.001,0.182,0.000,0.102,5531,5019;
66193,0.011,1.008,-0.038,-0.117,0.021,-0.019,0.182,0.000,0.102,5540,5022;
66233,0.023,1.000,-0.035,-0.100,0.013,-0.016,-0.182,0.000,-0.408,5545,5011;
66263,0.038,1.004,-0.049,-0.051,0.007,-0.006,-0.182,0.000,-0.408,5527,5020;
66293,0.049,1.004,-0.056,-0.067,-0.002,-0.006,0.000,0.182,0.102,5541,5018;
66323,0.041,1.015,-0.049,-0.067,-0.022,-0.001,0.000,0.182,0.102,5538,5008;
66353,0.019,1.023,-0.056,-0.028,-0.001,0.004,-0.182,-0.182,0.102,5539,4967;
66393,0.026,1.015,-0.056,-0.028,0.023,-0.010,-0.182,-0.182,0.102,5539,5008;
66423,0.023,1.011,-0.070,-0.021,0.040,0.008,-0.091,-0.091,0.000,5532,5005;
66453,0.011,0.996,-0.063,-0.025,0.085,0.016,-0.091,-0.091,0.000,5541,4978;
66483,0.015,0.996,-0.066,-0.015,0.113,0.010,-0.091,0.909,1.531,5547,5006;
66503,0.026,0.993,-0.052,-0.029,0.127,0.013,-0.091,0.909,1.531,5555,5002;
66533,0.049,1.008,-0.049,-0.021,0.132,0.000,-0.091,0.909,1.531,5559,5004;
66573,0.053,1.008,-0.056,0.008,0.091,-0.010,0.000,0.182,-1.020,5572,5006;
66603,0.041,1.023,-0.077,0.041,0.092,0.010,-0.091,-0.182,0.204,5589,5004;
66643,0.045,1.008,-0.073,0.052,0.062,0.005,-0.091,-0.182,0.204,5588,4998;
66673,0.045,1.019,-0.056,-0.001,0.047,0.016,0.000,0.091,0.408,5606,4997;
66703,0.023,1.011,-0.052,0.021,0.030,0.018,0.000,0.091,0.408,5612,4991;
66743,0.026,1.011,-0.073,0.033,0.013,0.028,0.000,0.091,0.408,5615,4981;
66773,0.038,0.996,-0.052,0.012,-0.011,0.018,-0.273,-0.091,0.000,5594,4970;
66803,0.060,1.034,-0.052,0.022,-0.023,0.018,-0.273,-0.091,0.000,5613,4973;
66833,0.026,1.019,-0.070,0.032,-0.017,0.023,0.000,-0.091,0.306,5609,4970;
66863,0.019,1.019,-0.077,0.056,-0.001,0.018,0.000,-0.091,0.306,5598,4961;
66893,0.038,0.981,-0.094,0.036,-0.030,0.021,0.364,-0.909,-1.633,5595,4964;
66913,0.041,1.015,-0.063,0.030,-0.038,0.019,0.364,-0.909,-1.633,5594,4963;
66953,0.038,1.011,-0.052,0.029,-0.034,0.021,0.000,0.000,-0.408,5593,4961;
66983,0.030,1.011,-0.059,0.008,-0.041,0.016,0.000,0.000,-0.408,5592,4957;
67013,0.041,1.023,-0.066,0.028,-0.044,0.007,-0.182,0.091,0.306,5592,4958;
67053,0.026,1.000,-0.080,0.040,-0.045,0.028,-0.182,0.091,0.306,5587,4954;
67083,0.030,0.993,-0.087,0.013,-0.046,0.022,-0.182,0.091,0.306,5578,4956;
67103,0.023,0.993,-0.077,0.019,-0.022,0.021,0.091,0.091,0.102,5586,4954;
67143,0.041,1.004,-0.066,0.034,-0.038,0.017,0.091,0.091,0.102,5580,4952;
67183,0.023,1.011,-0.073,0.011,-0.035,0.016,0.091,-0.182,-0.102,5576,4946;
67203,0.030,1.011,-0.080,-0.010,0.005,0.018,0.091,-0.182,-0.102,5576,4942;
67233,0.030,0.993,-0.073,0.006,-0.004,0.021,0.091,0.091,-0.204,5574,4949;
67263,0.038,0.993,-0.070,0.002,-0.019,0.023,0.091,0.091,-0.204,5571,4916;
67293,0.041,1.000,-0.070,-0.012,-0.021,0.018,-0.182,-0.091,-0.102,5571,4944;
67323,0.034,1.004,-0.073,-0.012,-0.006,0.022,-0.182,-0.091,-0.102,5570,4942;
67353,0.034,1.011,-0.073,0.002,-0.006,0.019,-0.182,-0.091,-0.102,5570,4941;
67393,0.038,1.004,-0.080,0.004,0.004,0.015,0.000,-0.273,0.102,5561,4941;
