42422,0.053,1.004,0.024,0.005,0.191,0.002,0.091,0.091,-0.204,5645,5196;
42433,0.053,1.011,0.003,0.006,0.198,-0.004,0.091,-0.273,0.000,5667,5222;
42447,0.064,1.019,0.021,0.006,0.193,-0.001,0.091,-0.273,0.000,5666,5221;
42463,0.068,1.015,0.014,0.002,0.195,0.000,0.091,-0.273,0.000,5663,5216;
42481,0.053,1.008,0.014,0.011,0.197,0.000,0.000,0.000,0.102,5669,5221;
42494,0.053,1.008,0.014,0.006,0.203,0.000,0.000,0.000,0.102,5666,5221;
42505,0.060,1.008,0.014,0.007,0.198,-0.002,0.091,-0.091,-0.408,5665,5220;
42506,0.075,1.030,0.024,0.010,0.200,-0.004,0.091,-0.091,-0.408,5665,5221;
42507,0.053,1.000,0.007,0.012,0.189,0.005,0.091,-0.091,-0.408,5665,5220;
42599,0.049,0.996,0.007,0.010,0.194,0.001,0.000,0.000,-0.306,5658,5217;
42614,0.056,1.000,0.003,0.007,0.189,0.000,0.091,-0.182,-0.306,5604,5209;
42624,0.049,1.004,-0.003,0.005,0.191,0.010,0.091,-0.182,-0.306,5656,5211;
42625,0.053,0.993,0.010,0.005,0.187,0.000,0.000,0.091,1.327,5654,5212;
42627,0.060,1.015,0.017,-0.018,0.191,0.007,0.000,0.091,1.327,5655,5177;
42639,0.049,1.004,0.021,0.015,0.157,0.006,0.000,-0.091,-0.306,5651,5223;
42669,0.056,1.015,0.014,0.006,0.170,0.004,0.000,-0.091,-0.306,5667,5221;
42729,0.060,1.004,0.007,0.010,0.180,0.005,0.182,-0.091,-0.612,5637,5222;
42749,0.049,1.004,0.010,-0.002,0.181,0.005,0.182,-0.091,-0.612,5667,5221;
42779,0.045,1.008,0.014,0.004,0.182,0.002,-0.091,0.182,-0.102,5667,5220;
42819,0.053,1.004,0.007,-0.002,0.181,0.010,-0.091,0.182,-0.102,5615,5218;
42859,0.049,1.015,0.024,0.005,0.175,0.010,-0.273,-0.091,0.102,5649,5218;
42901,0.049,1.023,0.031,0.002,0.174,0.007,-0.273,-0.091,0.102,5659,5198;
42929,0.053,1.011,0.014,0.000,0.170,0.012,0.182,0.182,-0.204,5648,5218;
42959,0.049,1.008,0.014,-0.002,0.170,0.004,0.182,0.182,-0.204,5664,5219;
42979,0.049,1.008,0.010,-0.006,0.177,0.008,0.000,0.182,0.102,5665,5217;
43009,0.049,1.008,0.010,-0.002,0.178,0.012,0.000,0.182,0.102,5664,5204;
43039,0.049,0.989,0.017,-0.002,0.176,0.011,0.000,0.000,-0.612,5657,5214;
43069,0.060,1.000,0.014,-0.005,0.175,0.008,0.000,0.000,-0.612,5633,5203;
43111,0.064,1.000,0.000,-0.007,0.176,0.010,-0.182,0.727,-0.306,5629,5204;
43159,0.038,0.989,0.007,-0.011,0.181,0.004,-0.182,0.727,-0.306,5662,5215;
43179,0.049,1.011,0.014,-0.044,0.182,0.005,0.000,-0.182,-0.102,5656,5213;
43219,0.038,1.015,0.010,-0.016,0.195,0.000,0.000,-0.182,-0.102,5659,5210;
43259,0.026,1.015,0.024,-0.041,0.181,-0.012,-0.091,0.091,-0.714,5616,5169;
43279,0.019,1.000,0.017,-0.070,0.231,-0.027,-0.091,0.091,-0.714,5602,5202;
43319,0.011,1.004,0.017,-0.085,0.244,-0.028,0.182,-0.182,-0.612,5619,5198;
43349,0.015,1.011,0.000,-0.051,0.268,-0.038,0.182,-0.182,-0.612,5654,5217;
43420,0.041,1.008,0.010,-0.044,0.237,0.005,0.182,0.182,-0.102,5654,5176;
43459,0.083,1.011,0.010,0.032,0.052,0.046,-0.091,0.091,-0.510,5673,5203;
43499,0.068,0.948,-0.021,-0.101,0.078,0.050,-0.091,0.091,-0.510,5699,5172;
43529,0.188,0.955,0.045,-0.266,-0.157,0.073,0.000,-0.091,-0.408,5692,5169;
43559,0.215,0.974,0.038,-0.256,-0.341,0.016,0.000,-0.091,-0.408,5810,5167;
43579,0.117,1.042,0.007,-0.135,-0.291,-0.045,0.091,0.091,-0.408,5843,5172;
43619,0.068,1.072,-0.014,-0.047,-0.262,-0.073,0.091,0.091,-0.408,5840,5168;
43659,0.045,1.027,-0.052,-0.006,-0.019,-0.006,0.000,0.000,0.000,5817,5211;
43689,0.094,0.985,-0.007,-0.038,0.172,0.032,0.000,0.000,0.000,5790,5236;
43729,0.132,1.011,0.014,-0.028,0.165,0.057,0.000,0.091,-0.306,5787,5249;
43759,0.102,0.981,-0.007,0.011,0.294,0.095,0.000,0.091,-0.306,5800,5254;
43779,0.113,0.996,-0.014,0.047,0.287,0.058,0.091,-0.182,-0.204,5793,5242;
43820,0.169,0.948,-0.059,0.044,0.318,0.063,0.091,-0.182,-0.204,5780,5219;
43859,0.113,1.000,-0.094,0.146,0.370,-0.017,0.091,0.636,0.612,5765,5210;
43894,0.169,0.914,-0.070,0.035,0.268,0.011,0.091,0.636,0.612,5764,5228;
43939,0.143,0.936,-0.042,0.016,0.234,-0.090,-0.182,0.091,-0.204,5723,5244;
43969,0.184,0.933,-0.084,0.079,0.367,-0.074,-0.182,0.091,-0.204,5751,5255;
43989,0.169,0.959,-0.087,0.016,0.351,-0.027,0.091,0.000,0.000,5743,5256;
44039,0.158,0.985,-0.042,0.007,0.414,-0.016,0.091,0.000,0.000,5708,5202;
44069,0.154,0.970,-0.049,-0.055,0.620,-0.004,-0.091,0.000,-0.306,5730,5254;
44115,0.136,1.015,-0.035,-0.068,0.733,-0.032,-0.091,0.000,-0.306,5730,5259;
44149,0.207,1.218,0.031,0.106,0.699,-0.024,0.182,0.091,-0.408,5665,5245;
44179,0.429,1.598,0.042,0.110,0.086,0.206,0.182,0.091,-0.408,5671,5183;
44209,0.177,1.357,-0.007,-0.195,-0.041,0.282,-0.182,-0.182,-0.102,5687,5152;
44239,0.023,1.207,0.052,-0.004,-0.169,0.103,-0.182,-0.182,-0.102,5700,5196;
44269,0.000,1.038,0.119,0.107,0.202,-0.152,-0.091,-0.636,-1.633,5706,5263;
44313,-0.120,0.974,0.182,0.149,0.531,-0.232,-0.091,-0.636,-1.633,5716,5279;
44359,-0.218,0.876,0.154,0.038,0.699,-0.021,0.091,0.091,-0.306,5754,5297;
44379,-0.068,0.839,0.056,0.063,0.773,-0.063,0.091,0.091,-0.306,5759,5302;
44409,0.026,0.891,0.038,0.011,0.559,-0.047,0.091,0.000,-0.714,5771,5309;
44449,0.079,0.966,0.031,0.115,0.305,-0.098,0.091,0.000,-0.714,5735,5302;
44489,-0.015,1.008,0.084,0.159,0.225,-0.147,0.091,0.000,-0.306,5886,5287;
44539,-0.041,0.914,0.021,0.138,0.271,-0.098,0.091,0.000,-0.306,5933,5203;
44569,0.041,0.917,-0.045,0.268,0.319,-0.070,-0.091,0.545,-0.204,5972,5276;
44589,0.083,0.891,-0.042,0.129,0.211,-0.040,-0.091,0.545,-0.204,5987,5271;
44619,0.083,0.899,-0.042,0.106,0.155,-0.023,0.000,0.091,0.102,5994,5254;
44659,0.060,0.884,-0.112,0.234,0.053,0.034,0.000,0.091,0.102,5970,5226;
44689,0.102,0.876,-0.122,0.316,-0.153,0.233,-0.091,0.091,-0.102,5996,5200;
44739,0.075,0.887,-0.126,0.154,-0.221,0.278,0.273,0.091,-1.633,5936,5118;
44769,0.023,1.053,-0.171,0.163,-0.342,0.069,0.273,0.091,-1.633,5929,5148;
44789,0.075,1.090,-0.189,0.177,-0.282,0.067,0.273,0.091,-1.633,5908,5124;
44829,0.068,1.087,-0.147,0.080,-0.441,0.053,-0.091,-0.091,0.000,5888,5103;
44869,0.041,1.128,-0.220,0.118,-0.521,0.002,-0.091,-0.091,0.000,5865,5060;
44899,0.098,1.147,-0.318,0.415,-0.574,-0.002,-0.182,0.091,0.102,5881,5060;
44949,0.041,1.143,-0.248,0.165,-0.212,-0.103,-0.364,0.364,-0.204,5827,5007;
44969,-0.245,1.451,0.101,0.206,0.412,-0.283,-0.364,0.364,-0.204,5691,5028;
44999,-0.339,1.391,0.101,0.574,0.605,-0.478,-0.364,0.364,-0.204,5759,5032;
45035,-0.023,0.872,0.045,0.646,0.402,-0.191,0.000,0.000,0.408,5747,5036;
45069,0.256,0.820,0.119,0.068,-0.457,0.307,0.000,0.273,-0.306,5707,5054;
45114,0.064,0.917,0.224,-0.220,-0.489,0.229,0.000,0.273,-0.306,5732,5046;
45159,-0.139,0.902,0.094,-0.101,-0.069,0.163,-0.091,0.091,-1.122,5768,5047;
45179,-0.087,0.966,0.024,0.042,0.153,0.127,-0.091,0.091,-1.122,5750,5058;
45209,0.000,0.933,-0.003,-0.151,0.330,0.132,-0.091,-0.182,-0.204,5729,5068;
45239,0.064,0.985,0.000,-0.216,0.431,0.140,-0.091,-0.182,-0.204,5706,5074;
45279,0.064,0.993,-0.003,-0.125,0.430,0.078,-0.091,-0.182,-0.204,5669,5080;
45319,0.102,0.948,-0.021,-0.119,0.376,-0.025,-0.091,0.818,0.000,5669,5077;
45359,0.151,0.955,-0.091,-0.143,0.373,-0.022,0.000,0.545,1.122,5636,4974;
45389,0.143,0.910,-0.084,-0.299,0.289,-0.098,0.000,0.545,1.122,5595,5025;
45409,0.041,0.933,-0.091,-0.322,0.420,-0.220,0.091,0.091,-1.939,5563,5039;
45459,0.011,0.944,-0.080,-0.299,0.532,-0.259,0.091,0.091,-1.939,5569,5020;
45479,0.083,0.929,-0.028,-0.063,0.413,-0.209,-0.273,0.000,0.000,5532,5010;
45509,0.120,0.917,-0.098,-0.030,0.640,-0.194,-0.273,0.000,0.000,5510,5046;
45559,0.192,0.959,-0.056,-0.157,0.657,-0.095,-0.182,0.182,1.020,5484,4999;
45589,0.151,1.057,-0.045,-0.120,0.636,0.022,-0.182,0.182,1.020,5443,5007;
45609,0.136,1.102,-0.161,-0.126,0.680,0.061,-0.182,0.182,1.020,5467,5004;
45639,0.177,1.117,-0.185,-0.079,0.826,0.102,0.273,0.000,0.000,5449,5021;
45699,0.226,1.154,-0.189,0.025,1.083,0.166,0.091,0.000,-0.204,5506,5108;
45729,0.143,1.429,-0.115,-0.005,0.539,0.520,0.091,0.000,-0.204,5344,5055;
45759,0.339,1.327,0.126,-0.463,0.245,0.634,0.273,-0.818,-0.102,5521,5081;
45779,0.143,1.102,0.416,-0.431,-0.178,0.523,0.273,-0.818,-0.102,5600,5033;
45809,-0.365,0.895,0.189,-0.261,-0.027,0.246,0.273,-0.818,-0.102,5665,4960;
45869,-0.343,0.872,0.147,-0.149,0.484,0.055,0.091,-0.818,-1.122,5684,5066;
45899,0.008,1.008,0.052,0.301,0.492,0.027,0.182,0.818,1.327,5657,5074;
45919,0.098,0.985,0.028,0.106,0.318,0.056,0.182,0.818,1.327,5645,5079;
45949,0.094,0.970,0.031,0.100,0.227,0.018,0.182,0.818,1.327,5683,5079;
45979,0.068,0.963,0.073,0.027,-0.036,-0.080,0.182,0.000,-0.510,5719,5135;
46019,0.045,0.989,0.031,0.210,-0.166,-0.215,0.182,0.000,-0.510,5851,5161;
46061,0.090,0.910,0.007,0.181,-0.255,-0.135,0.182,0.182,-0.306,5916,5196;
46109,0.053,0.895,-0.045,0.038,-0.426,-0.093,-0.091,-0.182,-0.408,5975,5200;
46149,0.026,0.944,-0.038,-0.005,-0.401,-0.085,-0.091,-0.182,-0.408,5988,5204;
46179,0.049,0.861,-0.070,-0.035,-0.407,-0.027,0.273,0.182,-0.306,5984,5212;
46209,0.064,0.910,-0.087,-0.046,-0.361,-0.012,0.273,0.182,-0.306,5991,5200;
46239,0.068,0.948,-0.101,0.019,-0.317,0.025,-0.091,0.000,0.000,5968,5186;
46289,0.053,0.955,-0.119,0.052,-0.395,0.041,-0.091,0.000,0.000,5942,5148;
46319,0.000,1.015,-0.147,0.142,-0.370,-0.006,-0.182,-0.818,-0.306,5929,5131;
46349,0.041,0.978,-0.175,0.051,-0.314,-0.025,-0.182,-0.818,-0.306,5912,5110;
46389,0.083,1.038,-0.231,-0.011,-0.284,-0.106,-0.091,-0.273,1.735,5828,5036;
46419,0.090,1.169,-0.279,0.249,-0.375,0.017,-0.091,-0.273,1.735,5869,5081;
46449,0.113,1.173,-0.269,0.138,-0.397,0.078,-0.091,0.000,-0.102,5852,5063;
46499,-0.041,1.380,-0.021,-0.142,0.317,-0.274,-0.091,0.000,-0.102,5745,5022;
46529,-0.331,1.466,0.021,0.440,0.609,-0.629,0.182,0.182,0.204,5746,5015;
46569,0.147,0.609,0.063,0.586,0.265,-0.242,-0.091,-0.091,-0.102,5693,5053;
46599,0.263,0.917,0.217,-0.066,-0.533,0.166,-0.091,-0.091,-0.102,5657,5042;
46629,0.079,0.955,0.192,0.017,-0.498,0.221,-0.091,-0.091,-0.102,5690,5034;
46669,-0.132,0.917,0.199,-0.021,-0.259,0.178,-0.273,0.000,-0.204,5683,5023;
46709,-0.151,0.933,0.063,0.038,0.325,0.136,-0.091,0.455,-0.204,5649,5043;
46762,0.030,0.902,0.049,-0.032,0.406,0.142,-0.091,0.455,-0.204,5624,5041;
46799,0.090,1.023,0.017,-0.050,0.380,0.160,0.364,0.091,-0.612,5587,4998;
46819,0.038,0.933,0.014,-0.028,0.385,0.064,0.364,0.091,-0.612,5577,5042;
46860,0.072,0.910,-0.049,-0.074,0.440,0.006,-0.182,0.182,0.102,5566,5026;
46899,0.105,0.933,-0.077,-0.134,0.442,-0.057,-0.182,0.182,0.102,5525,4969;
46919,0.128,0.929,-0.077,-0.134,0.393,-0.036,0.000,0.182,0.306,5531,4922;
46969,0.079,0.933,-0.063,-0.198,0.472,-0.104,0.000,0.182,0.306,5506,4891;
46999,0.041,0.951,-0.066,-0.152,0.652,-0.172,0.000,0.000,-0.204,5496,4848;
47019,0.098,0.963,-0.077,-0.093,0.682,-0.153,0.000,0.000,-0.204,5475,4885;
47051,0.188,0.963,-0.098,-0.085,0.767,-0.114,0.000,-0.091,-0.510,5448,4881;
47089,0.192,0.974,-0.042,-0.191,0.652,-0.052,0.000,-0.091,-0.510,5411,4763;
47119,0.136,1.008,-0.080,-0.159,0.656,-0.032,0.091,0.636,1.020,5375,4887;
47159,0.177,1.090,-0.126,-0.129,0.731,-0.006,0.091,0.636,1.020,5435,4873;
47179,0.237,1.139,-0.143,-0.067,0.811,0.052,-0.182,0.000,-0.408,5403,4928;
47209,0.211,1.139,-0.182,0.123,0.871,0.109,-0.182,0.000,-0.408,5419,4994;
47239,0.207,1.199,-0.122,0.135,0.829,0.251,-0.182,0.000,-0.408,5449,5073;
47269,0.252,1.436,-0.056,-0.274,0.225,0.651,0.091,0.000,0.306,5509,5065;
47309,0.343,1.331,0.171,-0.727,-0.231,0.614,0.091,0.000,0.306,5586,4940;
47349,-0.286,1.038,0.311,-0.294,-0.025,0.307,0.091,0.182,-1.633,5662,4979;
47389,-0.312,0.914,0.122,0.144,0.589,0.002,-0.091,0.091,-0.510,5737,5065;
47419,-0.023,0.880,0.066,0.249,0.630,-0.057,-0.091,0.091,-0.510,5702,5088;
47439,0.083,0.944,0.045,0.030,0.416,-0.027,-0.091,0.091,-0.510,5751,5092;
47469,0.079,0.981,0.028,0.055,0.278,-0.008,0.182,0.091,-0.306,5759,5087;
47512,0.000,1.011,0.052,0.109,0.115,-0.151,0.182,0.091,-0.306,5787,5077;
47560,0.041,0.989,0.038,0.164,-0.102,-0.202,0.182,0.000,-0.612,5848,5184;
47599,0.098,0.854,-0.010,0.109,-0.393,-0.181,0.455,-0.273,-1.429,5945,5196;
47629,0.060,0.906,-0.059,0.022,-0.446,-0.164,0.455,-0.273,-1.429,5968,5181;
47649,0.011,0.925,-0.042,0.021,-0.420,-0.120,0.000,0.091,-0.408,5978,5171;
47679,-0.004,0.921,-0.038,0.051,-0.427,-0.084,0.000,0.091,-0.408,6000,5177;
47709,0.030,0.846,-0.059,0.019,-0.401,-0.030,0.000,0.091,-0.408,6011,5182;
47729,0.034,0.857,-0.056,-0.063,-0.390,-0.002,0.000,0.091,-0.306,6018,5160;
47759,0.019,0.891,-0.094,-0.042,-0.415,0.073,0.000,0.091,-0.306,5980,5133;
47809,0.053,0.955,-0.073,0.091,-0.459,0.080,-0.182,0.273,0.000,5935,5074;
47839,-0.008,0.981,-0.161,-0.013,-0.316,-0.019,-0.182,0.273,0.000,5939,5077;
47869,0.045,1.045,-0.185,-0.028,-0.331,-0.053,0.091,0.091,0.204,5922,5061;
47899,0.098,1.132,-0.224,0.001,-0.334,-0.053,0.091,0.091,0.204,5907,5053;
47929,0.158,1.192,-0.255,-0.012,-0.429,-0.064,0.091,0.091,0.204,5887,5011;
47975,0.102,1.226,-0.265,0.310,-0.565,-0.010,0.182,0.000,-0.204,5862,4998;
48019,0.087,1.060,-0.311,-0.015,0.012,-0.183,0.091,-0.182,0.204,5820,4941;
48049,-0.467,1.425,0.220,-0.007,0.520,-0.465,0.091,-0.182,0.204,5802,4977;
48069,-0.241,0.974,0.143,0.438,0.514,-0.478,0.000,0.091,0.000,5753,4999;
48099,0.072,0.895,0.210,0.353,0.168,-0.401,0.000,0.091,0.000,5695,5007;
48133,0.305,1.038,0.227,0.240,-0.347,0.126,0.000,0.091,0.000,5657,4991;
48171,0.075,0.906,0.150,0.089,-0.299,0.306,0.000,0.000,-0.102,5646,4962;
48219,-0.192,0.933,0.080,0.107,0.095,0.233,0.091,0.182,-1.429,5646,5007;
48239,-0.049,0.846,0.042,0.072,0.466,0.165,0.091,0.182,-1.429,5627,5025;
48269,0.030,0.854,0.091,-0.215,0.493,0.203,-0.182,0.364,-0.408,5597,5021;
48299,0.034,0.940,0.073,-0.195,0.534,0.189,-0.182,0.364,-0.408,5568,5005;
48331,0.068,0.985,0.024,-0.063,0.506,0.117,-0.182,0.364,-0.408,5554,4934;
48399,0.056,0.936,-0.021,0.051,0.429,0.050,-0.091,-0.455,-0.510,5504,4936;
48429,0.124,0.895,-0.070,-0.021,0.421,0.005,0.182,0.000,-1.327,5497,4897;
48449,0.102,0.865,-0.045,-0.186,0.385,-0.057,0.182,0.000,-1.327,5493,4908;
48479,0.056,0.921,-0.077,-0.144,0.478,-0.121,0.182,-0.091,-0.306,5490,4897;
48509,0.079,0.940,-0.101,-0.089,0.532,-0.174,0.182,-0.091,-0.306,5480,4887;
48549,0.105,0.940,-0.143,-0.062,0.573,-0.200,0.000,0.000,0.612,5391,4862;
48589,0.199,0.921,-0.084,-0.396,0.551,-0.209,0.000,0.000,0.612,5456,4877;
48629,0.102,1.034,-0.087,-0.401,0.743,-0.195,0.000,0.000,-1.327,5437,4934;
48649,0.124,1.173,-0.098,-0.136,0.766,-0.109,0.000,0.000,-1.327,5436,4958;
48679,0.203,1.151,-0.150,-0.053,0.803,0.033,-0.182,-0.182,-0.306,5438,4968;
48699,0.188,1.098,-0.168,0.006,0.761,0.125,-0.182,-0.182,-0.306,5459,4999;
48746,0.143,1.113,-0.164,0.067,0.850,0.204,-0.182,-0.182,-0.306,5472,5055;
48789,0.218,1.436,0.014,-0.489,0.527,0.651,0.000,0.000,-0.612,5522,5064;
48829,0.023,1.199,0.409,-0.533,0.085,0.498,-0.091,-0.091,-0.510,5581,4989;
48859,-0.467,1.023,0.182,-0.063,0.783,0.216,-0.091,-0.091,-0.510,5678,5025;
48879,-0.241,0.902,0.157,0.093,0.971,0.126,-0.091,0.000,-0.204,5689,5095;
48909,-0.124,0.861,0.133,0.300,0.905,-0.007,-0.091,0.000,-0.204,5692,5131;
48946,0.102,0.880,0.073,0.180,0.713,-0.051,-0.091,0.000,-0.204,5677,5096;
49002,0.083,0.963,0.052,0.053,0.446,-0.050,-0.091,0.545,-0.102,5723,5121;
49039,0.030,0.951,0.042,0.141,0.192,-0.233,0.182,0.000,-0.306,5843,5184;
49059,0.045,0.914,0.028,0.147,0.113,-0.238,0.182,0.000,-0.306,5886,5208;
49089,0.083,0.925,-0.014,0.096,0.012,-0.202,0.000,0.182,-0.408,5909,5226;
49109,0.102,0.899,-0.035,-0.001,-0.084,-0.200,0.000,0.182,-0.408,5924,5231;
49149,0.060,0.959,0.010,0.046,-0.192,-0.175,0.000,0.182,-0.408,5889,5183;
49183,0.034,0.944,-0.056,0.121,-0.268,-0.182,-0.091,-0.182,-0.408,5946,5196;
49219,0.060,0.899,-0.052,0.131,-0.285,-0.084,-0.091,-0.182,-0.408,5956,5189;
49239,0.056,0.876,-0.122,0.141,-0.407,-0.036,-0.182,-0.818,-0.306,5907,5178;
49269,0.056,0.906,-0.129,0.143,-0.396,-0.044,-0.182,-0.818,-0.306,5893,5187;
49299,0.053,0.933,-0.122,0.181,-0.361,0.013,-0.091,0.000,-0.306,5891,5167;
49319,0.026,1.008,-0.154,0.205,-0.466,0.021,-0.091,0.000,-0.306,5861,5144;
49349,0.000,1.049,-0.244,0.342,-0.401,0.063,0.000,-0.091,-1.429,5761,5081;
49379,0.090,1.053,-0.192,0.170,-0.432,0.047,0.000,-0.091,-1.429,5804,5060;
49436,0.068,1.184,-0.276,0.242,-0.492,0.066,0.000,0.364,1.327,5791,5048;
49469,-0.053,1.286,-0.098,0.013,0.176,-0.266,0.000,0.364,1.327,5742,5032;
49499,-0.324,1.527,0.101,0.279,0.545,-0.521,0.182,-0.182,0.204,5705,5036;
49519,-0.312,1.406,-0.014,0.693,0.616,-0.561,0.182,-0.182,0.204,5692,5064;
49559,0.034,0.756,0.017,0.705,0.340,-0.270,0.000,0.000,-0.408,5625,5099;
49619,0.282,0.827,0.248,-0.021,-0.645,0.294,0.000,0.000,-0.408,5630,5092;
49649,-0.245,0.891,0.175,-0.075,-0.055,0.222,0.000,0.091,0.000,5604,5081;
49679,-0.162,0.929,0.087,-0.008,0.313,0.231,0.000,0.091,0.000,5597,5082;
49709,-0.008,0.914,0.073,-0.036,0.410,0.187,0.182,0.000,-0.204,5581,5085;
49739,0.079,0.917,0.063,-0.121,0.365,0.181,0.182,0.000,-0.204,5569,5081;
49789,0.049,0.963,0.014,-0.160,0.429,0.144,-0.273,0.273,0.306,5532,5064;
49819,0.056,0.963,-0.035,-0.044,0.467,0.064,-0.273,0.273,0.306,5527,5067;
49859,0.113,0.906,-0.031,-0.171,0.464,0.052,0.182,0.000,-1.429,5324,5005;
49889,0.124,0.925,-0.045,-0.210,0.427,-0.028,0.182,0.000,-1.429,5500,5026;
49909,0.087,0.925,-0.045,-0.215,0.467,-0.121,-0.091,-0.091,-0.204,5483,5013;
49949,0.079,0.936,-0.066,-0.222,0.488,-0.185,-0.091,-0.091,-0.204,5483,5005;
50024,0.120,0.929,-0.143,-0.166,0.599,-0.248,-0.091,-0.364,0.204,5413,4998;
50059,0.196,1.023,-0.021,-0.290,0.416,-0.219,0.000,0.000,-0.204,5408,5011;
50079,0.090,1.162,-0.101,-0.096,0.437,-0.151,0.000,0.000,-0.204,5354,5029;
50109,0.166,1.184,-0.175,-0.011,0.508,0.033,0.000,-0.182,-0.102,5376,5034;
50139,0.199,1.162,-0.199,-0.028,0.619,0.126,0.000,-0.182,-0.102,5375,5028;
50184,0.109,1.075,-0.244,0.073,0.823,0.130,0.000,-0.091,-0.204,5381,5129;
50229,0.162,1.399,-0.017,-0.154,0.682,0.560,0.000,-0.091,-0.204,5408,5166;
50259,0.072,1.241,0.503,-0.906,-0.208,0.705,0.000,0.000,-0.102,5514,5064;
50289,-0.583,1.038,0.286,-0.469,0.407,0.520,0.000,0.000,-0.102,5565,5043;
50309,-0.696,1.030,0.129,0.041,1.021,0.212,-0.091,-0.182,-0.102,5664,5109;
50344,-0.203,0.981,0.098,0.440,1.117,0.002,-0.091,-0.182,-0.102,5669,5191;
50386,0.286,0.925,0.031,0.306,0.624,-0.016,0.000,0.000,-0.204,5658,5208;
50430,0.105,1.004,0.073,0.081,-0.066,-0.070,0.000,0.000,-0.204,5753,5175;
50459,-0.098,1.027,-0.021,0.329,-0.051,-0.229,0.364,0.000,-0.306,5805,5178;
50489,-0.008,0.917,0.021,0.362,-0.110,-0.206,0.364,0.000,-0.306,5791,5195;
50509,0.011,0.842,0.007,0.240,-0.157,-0.147,-0.273,0.182,-0.408,5869,5207;
50539,0.041,0.854,-0.014,0.108,-0.250,-0.121,-0.273,0.182,-0.408,5889,5221;
50609,0.075,0.884,0.014,0.093,-0.335,-0.112,0.091,-0.273,0.408,5878,5201;
50637,-0.045,0.884,-0.077,0.102,-0.211,0.041,0.091,-0.273,0.408,5915,5187;
50669,0.023,0.895,-0.070,0.079,-0.220,0.097,-0.182,0.091,-0.102,5894,5172;
50699,0.098,0.902,-0.084,0.134,-0.387,0.078,-0.182,0.091,-0.102,5835,5154;
50719,0.158,0.944,-0.077,0.095,-0.607,0.066,0.000,0.000,-0.306,5877,5119;
50749,0.132,0.981,-0.091,0.110,-0.559,0.040,0.000,0.000,-0.306,5863,5084;
50799,0.079,1.015,-0.164,0.032,-0.529,0.036,0.000,0.273,-0.102,5773,5026;
50849,0.045,1.105,-0.220,0.140,-0.426,-0.063,0.000,0.273,-0.102,5789,4999;
50879,0.132,1.128,-0.311,0.262,-0.488,-0.021,-0.182,-0.091,-0.306,5778,5002;
50899,0.154,1.109,-0.349,0.415,-0.555,0.006,-0.182,-0.091,-0.306,5763,4994;
50929,0.094,1.230,-0.115,0.130,0.005,-0.178,0.000,-0.182,0.204,5754,4984;
50965,-0.094,1.534,0.049,-0.072,0.114,-0.330,0.000,-0.182,0.204,5719,4984;
51029,-0.294,0.989,0.080,0.560,0.585,-0.584,0.000,-0.091,0.102,5629,5035;
51059,0.192,0.993,0.164,0.245,-0.480,0.325,0.000,0.545,-0.204,5496,4979;
51089,0.000,0.891,0.154,0.081,-0.376,0.357,0.000,0.545,-0.204,5544,4998;
51119,-0.128,0.827,0.136,-0.120,-0.142,0.359,0.000,0.545,-0.204,5530,4956;
51139,-0.199,0.921,0.042,-0.023,0.280,0.328,0.182,0.000,-1.020,5579,5003;
51209,-0.023,0.899,0.038,-0.029,0.285,0.208,0.091,-0.182,-0.306,5554,5004;
51239,0.083,0.981,0.017,-0.219,0.402,0.096,0.091,-0.182,-0.306,5541,4998;
51279,0.041,0.955,-0.003,-0.057,0.301,0.011,0.000,0.182,-0.102,5524,4980;
51299,0.064,0.929,-0.070,0.063,0.333,0.032,0.000,0.182,-0.102,5462,4989;
51329,0.147,0.925,-0.038,-0.075,0.375,0.035,-0.182,0.000,0.000,5500,4978;
51359,0.162,0.933,-0.049,-0.121,0.331,0.017,-0.182,0.000,0.000,5495,4936;
51407,0.087,0.951,-0.059,-0.081,0.408,-0.042,-0.182,0.000,0.000,5453,4899;
51459,0.083,0.906,-0.108,-0.024,0.585,-0.168,0.182,0.182,0.102,5442,4904;
51479,0.169,0.925,-0.094,-0.074,0.761,-0.210,0.000,0.000,-0.306,5436,4897;
51509,0.211,0.974,-0.059,-0.153,0.557,-0.219,0.000,0.000,-0.306,5395,4892;
51529,0.173,1.027,-0.115,-0.059,0.528,-0.183,-0.182,-0.364,-0.102,5408,4889;
51559,0.188,1.094,-0.133,-0.100,0.532,-0.106,-0.182,-0.364,-0.102,5391,4882;
51596,0.199,1.147,-0.210,-0.007,0.532,0.017,-0.182,-0.364,-0.102,5386,4869;
51648,0.199,1.094,-0.258,-0.015,0.713,0.126,0.182,0.000,-0.204,5451,4913;
51679,0.151,1.271,-0.021,-0.198,0.523,0.338,0.182,0.000,0.204,5487,4960;
51709,0.245,1.497,0.028,-0.304,0.713,0.523,0.182,0.000,0.204,5475,4950;
51729,0.380,1.346,0.356,-0.812,0.046,0.576,-0.182,0.273,0.000,5515,4940;
51759,-0.215,1.109,0.437,-0.492,-0.229,0.466,-0.182,0.273,0.000,5595,4889;
51802,-0.538,1.015,0.126,-0.212,0.450,0.223,-0.182,0.273,0.000,5656,4944;
51869,-0.162,0.944,0.112,0.500,0.606,-0.215,0.091,-0.091,-0.510,5706,5004;
51889,0.215,0.966,0.003,0.104,0.059,-0.114,0.000,-0.182,-0.102,5754,4992;
51919,0.072,0.944,0.042,0.017,-0.118,-0.143,0.000,-0.182,-0.102,5795,4975;
51939,0.011,0.955,0.049,0.189,-0.234,-0.234,0.000,0.091,-0.204,5843,5017;
51969,0.019,0.944,0.021,0.261,-0.318,-0.236,0.000,0.091,-0.204,5881,5034;
52003,0.045,0.887,0.003,0.183,-0.367,-0.151,0.000,0.091,-0.204,5899,5064;
52059,0.064,0.891,0.003,-0.015,-0.414,-0.106,0.000,-0.636,-0.204,5915,5043;
52089,-0.034,0.917,-0.084,0.097,-0.346,-0.063,-0.091,-0.273,0.000,5915,5070;
52109,0.008,0.906,-0.073,0.052,-0.295,-0.004,-0.091,-0.273,0.000,5809,5000;
52139,0.008,0.880,-0.080,-0.012,-0.274,0.038,-0.091,0.182,-0.510,5962,4959;
52169,0.019,0.902,-0.084,-0.028,-0.240,0.059,-0.091,0.182,-0.510,5954,5042;
52226,0.011,0.929,-0.119,0.154,-0.152,0.068,-0.091,0.182,-0.510,5944,4953;
52269,-0.019,0.985,-0.182,0.191,-0.068,-0.033,0.091,0.000,0.306,5897,4975;
52299,0.056,1.042,-0.220,0.018,-0.085,-0.033,0.000,0.091,1.531,5906,4967;
52319,0.075,1.068,-0.244,-0.012,-0.159,-0.049,0.000,0.091,1.531,5902,4919;
52349,0.109,1.124,-0.286,0.050,-0.225,-0.012,0.000,0.273,0.000,5898,4953;
52379,0.147,1.109,-0.346,0.197,-0.277,0.080,0.000,0.273,0.000,5878,4946;
52413,0.056,1.184,-0.171,-0.057,0.147,-0.165,0.000,0.273,0.000,5839,4912;
52469,-0.260,1.425,0.087,0.136,0.548,-0.486,-0.091,0.000,-0.918,5765,4884;
52499,-0.045,0.899,0.077,0.412,0.652,-0.399,0.000,-0.727,-1.531,5737,5001;
52529,0.147,0.820,0.105,0.141,0.182,0.001,0.000,-0.727,-1.531,5703,4961;
52549,0.162,0.880,0.140,0.092,-0.273,0.312,0.091,0.182,-0.204,5683,4987;
52579,0.105,0.925,0.171,0.018,-0.399,0.287,0.091,0.182,-0.204,5687,4970;
52639,-0.098,0.899,0.115,-0.086,-0.117,0.208,0.182,0.364,0.000,5655,4946;
52679,-0.041,0.921,0.010,0.066,0.225,0.200,0.182,0.364,0.000,5627,4967;
52709,0.041,0.948,0.007,-0.068,0.356,0.203,-0.091,-1.000,0.102,5632,4963;
52739,0.008,0.955,-0.010,-0.104,0.412,0.119,-0.091,-1.000,0.102,5612,4958;
52759,0.004,0.951,-0.028,-0.044,0.460,0.007,0.000,0.182,-0.102,5596,4966;
52799,0.026,0.936,-0.070,-0.047,0.566,-0.018,0.000,0.182,-0.102,5556,4963;
52844,0.192,0.974,-0.098,-0.080,0.531,0.006,0.091,-0.182,-0.204,5541,4911;
52899,0.098,0.921,-0.108,-0.134,0.494,-0.061,0.000,0.091,-0.306,5510,4892;
52929,0.049,0.906,-0.136,-0.131,0.684,-0.127,0.000,0.091,-0.306,5499,4879;
52949,0.087,0.917,-0.143,-0.172,0.773,-0.130,0.000,0.091,-0.306,5465,4862;
52979,0.124,0.948,-0.122,-0.127,0.779,-0.072,0.000,1.000,1.327,5470,4843;
52999,0.154,0.948,-0.091,-0.093,0.807,-0.055,0.000,1.000,1.327,5461,4831;
53029,0.166,0.970,-0.126,-0.039,0.784,-0.059,0.091,-0.091,-0.204,5451,4824;
53059,0.184,1.030,-0.164,-0.025,0.820,-0.057,0.091,-0.091,-0.204,5400,4787;
53090,0.282,1.136,-0.168,-0.119,0.925,0.000,0.091,-0.091,-0.204,5421,4787;
53129,0.301,1.184,-0.196,0.007,0.863,0.104,0.182,-0.091,0.714,5434,4769;
53159,0.188,1.162,-0.192,0.227,0.835,0.148,-0.091,-1.000,-0.306,5473,4810;
53179,0.203,1.361,-0.126,0.170,0.639,0.310,-0.091,-1.000,-0.306,5470,4878;
53219,0.354,1.327,0.122,-0.361,0.226,0.560,-0.091,-1.000,-0.306,5473,4898;
53260,0.068,1.102,0.384,-0.834,-0.214,0.603,0.000,0.091,-0.102,5553,4825;
53309,-0.602,1.068,0.063,0.117,0.981,0.138,0.000,0.091,-0.102,5627,4946;
53339,0.102,0.959,0.014,0.362,0.688,-0.064,0.000,0.091,-0.102,5674,4956;
53369,0.260,0.970,-0.017,0.155,0.342,-0.101,-0.091,-0.182,-0.408,5704,4945;
53399,0.181,0.993,-0.017,0.040,0.107,-0.075,-0.091,-0.182,-0.408,5750,4925;
53419,0.064,0.955,0.014,0.100,-0.070,-0.199,-0.091,-0.182,-0.408,5853,4932;
53467,-0.004,0.906,-0.035,0.198,-0.178,-0.256,0.091,0.000,-0.204,5869,4938;
53509,0.072,0.857,-0.024,-0.019,-0.211,-0.160,0.091,-0.273,-0.204,5954,5004;
53539,0.026,0.887,-0.031,-0.108,-0.311,-0.193,0.091,-0.273,-0.204,6018,5014;
53569,-0.034,0.933,-0.077,-0.018,-0.181,-0.189,0.091,-0.909,-1.327,6023,5030;
53589,0.038,0.917,-0.070,0.050,-0.191,-0.112,0.091,-0.909,-1.327,6021,5034;
53619,0.072,0.884,-0.098,-0.038,-0.261,-0.045,0.091,-0.909,-1.327,5998,5026;
53660,0.083,0.917,-0.094,-0.078,-0.251,-0.005,0.000,0.000,-0.204,5977,4995;
53699,0.087,0.944,-0.126,0.058,-0.427,0.063,0.091,0.000,-0.408,5929,4970;
53729,0.109,0.963,-0.182,0.129,-0.521,0.061,0.091,0.000,-0.408,5956,4940;
53759,0.056,0.959,-0.203,0.176,-0.520,0.057,0.091,0.000,-0.408,5938,4873;
53779,0.068,0.921,-0.210,0.097,-0.542,0.058,0.091,-0.091,-0.408,5921,4890;
53809,0.056,0.970,-0.248,0.083,-0.612,0.063,0.091,-0.091,-0.408,5888,4874;
53839,0.090,1.087,-0.321,0.070,-0.608,0.104,0.091,-0.091,-0.408,5874,4838;
53869,0.090,1.196,-0.349,0.135,-0.535,0.125,-0.273,0.000,0.204,5770,4818;
53899,0.053,1.139,-0.335,0.085,-0.290,0.036,-0.273,0.000,0.204,5755,4791;
53949,-0.094,1.579,-0.063,-0.047,0.529,-0.537,0.182,0.182,1.327,5708,4851;
53969,-0.312,1.463,0.007,0.249,0.658,-0.639,0.182,0.182,1.327,5619,4883;
53999,-0.109,0.827,0.035,0.565,0.855,-0.544,0.091,-0.182,-0.102,5643,4947;
54029,0.181,0.726,0.108,0.232,0.340,-0.231,0.091,-0.182,-0.102,5585,4959;
54060,0.230,0.948,0.175,0.153,-0.387,0.188,0.091,-0.091,-0.204,5541,4947;
54109,-0.053,0.933,0.112,0.047,-0.098,0.261,0.091,-0.091,-0.204,5498,4944;
54139,-0.147,0.944,0.045,0.021,0.341,0.242,-0.182,0.091,0.204,5527,4956;
54159,-0.038,0.940,0.045,0.079,0.470,0.185,-0.182,0.091,0.204,5513,4949;
54189,0.056,0.869,0.063,-0.023,0.433,0.126,0.182,0.091,-0.102,5499,4959;
54209,0.072,0.906,0.017,-0.130,0.458,0.129,0.182,0.091,-0.102,5484,4956;
54239,0.045,0.970,0.014,-0.183,0.475,0.078,0.182,0.091,-0.102,5446,4956;
54279,0.015,0.966,-0.007,-0.106,0.525,-0.004,0.091,0.091,-0.102,5453,4951;
54319,0.064,0.948,-0.056,-0.035,0.567,-0.070,0.182,0.182,0.204,5430,4942;
54349,0.120,0.966,-0.042,-0.248,0.593,-0.055,0.182,0.182,0.204,5429,4934;
54369,0.060,0.963,-0.077,-0.216,0.635,-0.080,0.182,0.182,0.204,5421,4935;
54399,0.053,0.925,-0.101,-0.194,0.762,-0.134,-0.091,0.455,0.000,5415,4932;
54429,0.090,0.936,-0.080,-0.177,0.858,-0.141,-0.091,0.455,0.000,5388,4912;
54459,0.132,0.936,-0.091,-0.119,0.815,-0.129,-0.091,-0.091,-0.102,5377,4890;
54490,0.173,0.936,-0.112,0.002,0.807,-0.102,-0.091,-0.091,-0.102,5311,4862;
54529,0.230,0.936,-0.101,-0.012,0.708,-0.090,0.182,0.182,-0.408,5337,4845;
54559,0.188,0.959,-0.126,-0.074,0.642,-0.086,0.182,0.182,-0.408,5326,4833;
54579,0.184,1.034,-0.147,-0.076,0.668,-0.100,0.182,0.182,-0.408,5264,4827;
54609,0.211,1.109,-0.126,-0.030,0.647,-0.090,-0.182,0.000,-0.102,5308,4822;
54639,0.248,1.173,-0.175,0.013,0.708,-0.016,-0.182,0.000,-0.102,5295,4820;
54700,0.252,1.121,-0.220,0.169,0.660,0.081,-0.091,-0.091,-0.102,5288,4872;
54739,0.335,1.440,-0.066,-0.096,0.318,0.571,0.273,0.364,1.531,5369,4885;
54759,0.294,1.203,0.311,-0.663,-0.262,0.559,0.273,0.364,1.531,5433,4832;
54789,-0.068,1.030,0.412,-0.668,-0.318,0.438,0.273,0.364,1.531,5495,4794;
54809,-0.512,0.914,0.129,-0.379,0.295,0.161,-0.091,0.091,-0.306,5587,4804;
54839,-0.354,0.933,0.052,0.305,0.685,0.019,-0.091,0.091,-0.306,5595,4861;
54879,0.004,0.981,0.021,0.457,0.452,-0.010,0.000,-0.727,-0.510,5556,4904;
54929,0.184,0.981,-0.028,0.025,0.234,0.006,0.000,-0.727,-0.510,5610,4864;
54959,0.000,0.951,-0.038,0.084,-0.052,-0.126,0.000,0.182,-0.306,5658,4847;
54979,0.049,1.023,-0.007,0.294,-0.131,-0.223,0.000,0.182,-0.306,5692,4842;
55009,0.079,1.000,-0.010,0.293,-0.271,-0.140,-0.091,-0.727,1.122,5741,4958;
55039,0.147,0.857,-0.031,0.236,-0.526,-0.081,-0.091,-0.727,1.122,5816,4985;
55093,0.109,0.876,-0.045,0.063,-0.696,-0.083,0.000,0.091,0.408,5874,4942;
55129,-0.072,0.948,-0.066,0.125,-0.597,0.007,0.000,0.091,0.408,5931,4911;
55159,-0.056,0.869,-0.101,0.050,-0.427,0.070,0.000,0.000,-0.306,5964,4923;
55179,-0.026,0.850,-0.084,-0.083,-0.317,0.059,0.000,0.000,-0.306,5986,4915;
55209,0.019,0.861,-0.077,-0.187,-0.272,0.041,-0.182,0.000,0.000,6001,4909;
55239,0.019,0.914,-0.108,-0.083,-0.193,0.046,-0.182,0.000,0.000,5991,4890;
55264,-0.004,0.914,-0.126,-0.086,-0.163,0.081,-0.182,0.000,0.000,6001,4872;
55319,-0.008,0.951,-0.168,-0.012,-0.063,0.016,-0.091,0.000,-0.204,5957,4816;
55359,0.068,1.011,-0.189,-0.129,-0.153,0.078,0.273,0.273,-0.408,5921,4809;
55379,0.151,1.075,-0.248,-0.328,-0.165,-0.055,0.273,0.273,-0.408,5914,4810;
55409,0.154,1.136,-0.227,-0.089,-0.242,-0.108,0.091,0.182,-0.102,5897,4818;
55439,0.158,1.147,-0.311,0.138,-0.444,-0.012,0.091,0.182,-0.102,5883,4811;
55473,0.139,1.188,-0.262,-0.035,-0.101,-0.017,0.091,0.182,-0.102,5836,4808;
55535,-0.098,1.549,-0.077,0.084,0.426,-0.317,0.091,-0.091,0.102,5735,4905;
55569,-0.094,0.921,0.007,0.687,0.790,-0.450,0.091,0.000,0.102,5717,4961;
55589,0.237,0.688,0.171,0.185,0.197,-0.045,0.091,0.000,0.102,5674,4961;
55619,0.181,1.034,0.178,0.134,-0.330,0.287,-0.091,0.000,0.306,5656,4928;
55649,-0.064,0.933,0.115,0.085,-0.198,0.257,-0.091,0.000,0.306,5628,4905;
55695,-0.184,0.869,0.119,-0.081,0.056,0.228,-0.091,0.091,0.000,5631,4864;
55749,-0.041,0.933,0.028,0.168,0.538,0.097,-0.091,0.091,0.000,5574,4882;
55769,0.102,0.929,0.021,-0.104,0.533,0.171,0.000,-0.364,0.000,5568,4879;
55799,0.094,0.989,0.000,-0.115,0.494,0.130,0.000,-0.364,0.000,5559,4859;
55829,0.015,0.951,-0.017,-0.078,0.503,0.027,-0.091,0.000,0.408,5544,4861;
55859,0.049,0.936,-0.024,-0.033,0.475,-0.007,-0.091,0.000,0.408,5531,4837;
55903,0.120,0.933,-0.091,-0.018,0.484,0.013,0.000,0.091,-1.327,5471,4790;
55949,0.098,0.929,-0.070,-0.064,0.418,-0.076,0.000,0.091,-1.327,5389,4796;
55969,0.041,0.944,-0.119,-0.061,0.611,-0.136,-0.182,0.091,-0.204,5480,4825;
55999,0.049,0.910,-0.094,-0.169,0.705,-0.165,-0.182,0.091,-0.204,5470,4826;
56029,0.079,0.917,-0.101,-0.135,0.753,-0.172,0.000,0.000,0.000,5451,4826;
56059,0.147,0.959,-0.133,-0.033,0.764,-0.129,0.000,0.000,0.000,5446,4829;
56117,0.218,0.996,-0.154,-0.137,0.699,-0.085,0.182,0.000,0.102,5437,4813;
56159,0.188,1.045,-0.140,-0.263,0.673,-0.109,-0.091,0.182,-0.306,5430,4845;
56189,0.211,1.109,-0.189,-0.078,0.603,-0.058,-0.091,0.182,-0.306,5460,4882;
56219,0.256,1.060,-0.206,-0.015,0.616,-0.004,-0.091,0.182,-0.306,5472,4855;
56249,0.166,1.011,-0.189,0.044,0.629,0.061,-0.091,0.182,-0.306,5466,4862;
56289,0.113,1.275,-0.038,-0.057,0.433,0.350,-0.091,0.182,-0.306,5441,4942;
56319,0.222,1.316,0.206,-0.409,0.227,0.674,0.000,0.091,-0.204,5460,4901;
56359,-0.380,1.072,0.210,-0.475,0.169,0.633,-0.091,-0.091,-0.204,5616,4897;
56389,-0.301,1.015,0.038,-0.160,0.807,0.236,-0.091,-0.091,-0.204,5710,4944;
56409,-0.113,1.011,0.038,0.280,0.821,0.064,-0.091,-0.091,-0.204,5717,5000;
56439,0.196,0.978,0.038,0.276,0.527,-0.017,0.091,0.273,0.000,5702,5011;
56469,0.211,1.004,-0.007,0.059,0.013,-0.017,0.091,0.273,0.000,5758,4994;
56516,0.090,0.978,-0.003,-0.007,-0.188,-0.033,-0.182,0.000,0.204,5812,4976;
56569,-0.038,0.966,0.007,0.078,-0.338,-0.187,-0.091,-0.727,-0.204,5933,5026;
56589,0.019,0.895,0.000,0.134,-0.293,-0.119,-0.091,-0.727,-0.204,5987,5098;
56619,0.049,0.884,0.024,0.011,-0.329,-0.072,-0.091,-0.727,-0.204,6047,5166;
56649,0.008,0.891,0.000,0.087,-0.301,-0.081,0.182,0.091,-0.102,6116,5211;
56679,0.011,0.966,-0.056,0.164,-0.142,-0.058,0.182,0.091,-0.102,6162,5219;
56724,0.030,0.944,-0.077,0.245,-0.135,0.032,0.091,-0.182,0.000,6216,5193;
56759,0.136,0.887,-0.133,0.010,-0.321,0.112,0.091,-0.182,0.000,6260,5170;
56789,0.094,0.959,-0.157,0.066,-0.331,0.002,0.091,0.273,-1.020,6264,5150;
56819,0.143,0.970,-0.182,0.123,-0.414,0.012,0.091,0.273,-1.020,6079,5096;
56849,0.094,0.910,-0.147,0.045,-0.512,-0.001,0.182,0.091,-1.735,6214,5110;
56869,-0.038,0.974,-0.227,0.050,-0.362,-0.056,0.182,0.091,-1.735,6230,5088;
56899,0.015,1.008,-0.255,0.101,-0.263,-0.050,0.000,0.000,-0.408,6160,5017;
56929,0.162,1.083,-0.304,0.013,-0.418,-0.005,0.000,0.000,-0.408,6108,4967;
56970,0.207,1.132,-0.321,0.066,-0.503,0.040,0.000,0.000,-0.408,6085,4999;
57009,0.166,1.124,-0.388,0.204,-0.492,0.007,-0.091,0.182,0.816,6098,4989;
57039,-0.109,1.594,0.038,-0.141,-0.152,-0.482,-0.182,0.182,0.102,5967,4970;
57079,-0.312,1.504,0.154,0.223,0.288,-0.574,-0.182,0.182,0.102,5988,4975;
57126,-0.154,0.974,0.024,0.839,0.412,-0.270,-0.273,-0.091,-0.510,5945,5038;
57169,0.132,0.910,0.098,0.239,-0.236,0.174,-0.182,-0.091,-0.204,5888,5031;
57199,-0.019,0.933,0.091,0.018,-0.081,0.197,-0.182,-0.091,-0.204,5889,5016;
57219,-0.102,0.944,0.066,0.062,0.227,0.206,-0.182,-0.091,-0.204,5884,5008;
57259,-0.049,0.963,0.010,0.135,0.402,0.095,0.000,0.000,-0.408,5869,4982;
57279,0.064,0.914,0.028,0.044,0.353,0.112,0.000,0.000,-0.408,5852,5002;
57309,0.083,0.921,0.038,-0.151,0.325,0.177,-0.364,0.091,0.102,5839,4997;
57352,0.045,0.981,0.000,-0.141,0.379,0.142,-0.364,0.091,0.102,5805,4953;
57389,0.026,0.970,-0.014,0.016,0.418,0.052,0.000,0.091,0.102,5773,4974;
57419,0.117,0.940,-0.066,-0.063,0.466,0.061,0.000,0.091,0.102,5771,5008;
57449,0.109,0.948,-0.101,-0.040,0.471,0.055,-0.091,0.182,-0.510,5729,5007;
57479,0.113,0.944,-0.094,-0.041,0.386,0.022,-0.091,0.182,-0.510,5755,4988;
57520,0.117,0.966,-0.101,-0.074,0.459,-0.055,-0.091,-0.182,-0.306,5708,4977;
57579,0.090,0.917,-0.115,-0.118,0.512,-0.148,-0.091,-0.182,-0.306,5722,4972;
57609,0.128,0.921,-0.133,-0.113,0.589,-0.164,0.000,0.182,-0.204,5711,4968;
57629,0.139,0.948,-0.147,-0.138,0.660,-0.154,0.000,0.182,-0.204,5695,4965;
57659,0.166,0.974,-0.154,-0.125,0.642,-0.163,-0.091,0.182,-0.408,5667,4966;
57689,0.184,1.004,-0.154,-0.141,0.635,-0.147,-0.091,0.182,-0.408,5657,4948;
57730,0.192,1.068,-0.182,-0.103,0.668,-0.132,-0.182,-0.091,-0.408,5641,4933;
57759,0.237,1.094,-0.210,-0.091,0.722,-0.058,-0.182,-0.091,-0.408,5638,4949;
57789,0.215,1.060,-0.227,-0.010,0.773,-0.005,-0.091,0.091,-0.714,5650,4975;
57809,0.147,1.181,-0.203,0.046,0.854,0.096,-0.091,0.091,-0.714,5634,5000;
57849,0.192,1.384,-0.119,-0.158,0.709,0.424,-0.091,0.091,-0.714,5602,5007;
57879,0.369,1.293,0.168,-0.719,0.027,0.486,-0.091,0.091,-0.714,5619,4959;
57909,0.004,1.042,0.269,-0.460,-0.166,0.418,-0.091,0.091,-0.714,5659,4923;
57939,-0.350,0.966,0.080,-0.089,0.290,0.129,-0.091,0.455,-0.204,5698,4924;
57969,-0.226,0.985,0.087,0.115,0.463,0.064,-0.091,0.455,-0.204,5699,4948;
58009,-0.030,1.008,-0.007,0.202,0.364,-0.030,0.182,-0.273,-0.306,5718,4944;
58039,0.128,0.963,0.007,0.063,-0.083,-0.007,0.182,-0.273,-0.306,5783,4956;
58069,0.056,0.936,-0.003,0.061,-0.284,-0.033,0.091,0.091,0.306,5833,4961;
58099,0.015,0.974,0.000,0.098,-0.323,-0.107,0.091,0.091,0.306,5889,4981;
58151,-0.004,0.951,-0.028,0.115,-0.290,-0.074,-0.091,0.182,0.306,5919,4992;
58189,0.041,0.959,-0.035,0.194,-0.192,0.005,-0.182,-0.273,0.000,5987,5050;
58219,0.038,0.925,-0.066,0.113,-0.273,0.016,-0.182,-0.273,0.000,6024,5069;
58239,0.038,0.966,-0.091,0.108,-0.181,0.019,-0.182,-0.273,0.000,6049,5096;
58269,0.041,0.966,-0.094,0.151,-0.130,0.051,0.000,0.182,-0.306,6075,5103;
58309,0.049,0.899,-0.129,0.123,-0.182,0.056,0.000,0.182,-0.306,6118,5105;
58339,0.083,0.854,-0.168,-0.063,-0.268,0.024,0.273,0.091,-0.102,6127,5086;
58389,0.072,0.951,-0.196,0.011,-0.194,0.058,0.273,0.091,-0.102,6093,5051;
58409,0.079,0.917,-0.189,0.019,-0.291,0.075,0.000,0.000,-1.224,6084,5049;
58439,0.060,0.936,-0.182,-0.114,-0.311,-0.004,0.000,0.000,-1.224,6067,5039;
58469,0.053,1.042,-0.220,-0.033,-0.222,-0.059,-0.091,0.091,-0.204,6051,4989;
58499,0.083,1.038,-0.244,0.002,-0.250,-0.036,-0.091,0.091,-0.204,6021,5011;
58549,0.087,1.064,-0.262,0.041,-0.323,0.011,0.091,-0.091,-0.306,5960,4988;
58589,0.094,1.121,-0.349,0.257,-0.448,0.047,0.091,-0.091,-0.306,5927,4965;
58619,0.038,1.184,-0.182,0.025,-0.076,-0.129,0.273,0.727,-0.408,5892,4947;
58639,-0.188,1.403,-0.059,0.024,0.217,-0.265,0.273,0.727,-0.408,5846,4945;
58679,-0.241,1.421,0.031,0.261,0.543,-0.472,0.000,0.000,0.102,5811,4953;
58710,-0.120,1.057,-0.003,0.714,0.688,-0.495,0.000,0.000,0.102,5779,4963;
58749,0.222,0.722,0.105,0.242,-0.072,-0.030,0.364,0.909,0.000,5732,4941;
58779,0.154,0.981,0.087,0.032,-0.246,0.174,0.364,0.909,0.000,5703,4943;
58809,-0.102,0.940,0.119,-0.120,-0.008,0.188,0.273,0.091,-0.306,5735,4941;
58839,-0.151,1.000,0.021,0.085,0.467,0.183,0.273,0.091,-0.306,5709,4951;
58869,-0.034,0.955,0.014,0.153,0.588,0.154,-0.182,0.182,0.000,5672,4924;
58899,0.053,0.966,-0.010,0.067,0.643,0.129,-0.182,0.182,0.000,5675,4927;
58939,0.105,0.940,-0.014,-0.075,0.586,0.132,-0.182,0.182,0.000,5620,4897;
59023,0.053,0.981,-0.038,0.029,0.472,0.045,-0.091,0.091,1.122,5616,4881;
59032,0.098,0.933,-0.098,0.057,0.482,0.002,-0.091,0.182,-0.306,5612,4914;
59040,0.113,0.921,-0.112,-0.018,0.444,0.007,-0.091,0.182,-0.306,5601,4908;
59069,0.151,0.944,-0.105,-0.001,0.310,0.005,-0.091,0.182,-0.306,5587,4879;
59119,0.056,0.951,-0.140,-0.078,0.407,-0.113,-0.091,-0.182,-0.204,5577,4880;
59159,0.064,0.933,-0.147,-0.175,0.546,-0.143,0.455,-0.545,-0.408,5555,4855;
59189,0.136,0.914,-0.154,-0.199,0.577,-0.185,0.455,-0.545,-0.408,5467,4886;
59219,0.154,0.948,-0.171,-0.257,0.514,-0.186,0.091,0.182,-0.714,5500,4891;
59249,0.173,0.974,-0.129,-0.260,0.423,-0.178,0.091,0.182,-0.714,5472,4904;
59269,0.154,0.955,-0.157,-0.197,0.493,-0.163,0.091,0.182,-0.714,5450,4911;
59299,0.151,0.974,-0.178,-0.142,0.474,-0.124,-0.091,0.000,-0.816,5381,4930;
59340,0.158,1.038,-0.182,-0.092,0.391,-0.078,-0.091,0.000,-0.816,5397,4934;
59381,0.237,1.132,-0.217,-0.176,0.567,0.012,-0.091,0.091,0.204,5431,4909;
59419,0.177,1.177,-0.199,0.042,0.771,0.086,0.000,-0.091,0.000,5440,4910;
59439,0.252,1.293,-0.147,-0.164,0.526,0.316,0.000,-0.091,0.000,5499,4941;
59469,0.339,1.354,-0.003,-0.498,0.577,0.390,0.000,-0.091,0.000,5504,4934;
59499,0.343,1.335,0.196,-0.523,-0.055,0.431,0.000,0.182,-0.306,5545,4910;
59549,-0.117,0.985,0.283,-0.614,-0.278,0.329,0.000,0.182,-0.306,5678,4899;
59589,-0.271,0.959,0.017,0.032,0.628,0.029,0.091,0.091,-0.102,5693,4957;
59619,-0.008,1.034,-0.007,0.251,0.501,0.091,-0.273,0.091,-0.714,5671,4972;
59639,0.109,1.042,0.000,0.059,0.322,0.089,-0.273,0.091,-0.714,5682,4964;
59669,0.083,1.038,0.007,-0.058,0.233,0.049,-0.273,0.091,-0.714,5699,4949;
59699,0.000,0.978,0.014,-0.035,0.119,-0.100,0.091,-0.182,-0.306,5740,4893;
59719,-0.015,0.989,0.010,0.194,0.045,-0.227,0.091,-0.182,-0.306,5782,4960;
59766,0.019,0.966,-0.024,0.282,-0.059,-0.226,0.091,-0.364,-0.408,5835,4982;
59809,0.053,0.902,-0.010,0.132,-0.083,-0.153,0.091,-0.364,-0.408,5831,5011;
59829,0.064,0.854,-0.042,0.109,-0.142,-0.102,0.000,-0.091,-1.020,5917,5012;
59859,0.030,0.914,-0.070,0.064,-0.078,-0.069,0.000,-0.091,-1.020,5915,5011;
59899,0.030,0.925,-0.073,0.161,-0.030,-0.007,-0.091,0.000,-0.510,5919,4996;
59929,0.045,0.899,-0.094,0.217,-0.059,0.124,-0.091,0.000,-0.510,5913,4986;
59962,0.117,0.865,-0.147,0.107,-0.063,0.250,0.000,0.091,-0.102,5863,4942;
60019,0.075,0.966,-0.210,-0.018,-0.110,0.200,0.000,0.091,-0.102,5805,4946;
60039,0.060,1.000,-0.203,0.025,-0.199,0.101,0.000,0.182,-0.102,5840,4960;
60069,0.083,0.981,-0.199,-0.005,-0.329,0.117,0.000,0.182,-0.102,5825,4949;
60099,0.162,1.045,-0.213,0.001,-0.539,0.187,0.000,0.000,0.102,5808,4884;
60134,0.102,1.124,-0.297,0.120,-0.594,0.108,0.000,0.000,0.102,5792,4914;
60189,0.124,1.117,-0.304,0.426,-0.810,0.103,-0.091,-1.000,-0.102,5751,4906;
60219,0.026,1.252,-0.143,0.068,-0.245,-0.161,-0.091,-1.000,-0.102,5665,4913;
60239,-0.263,1.519,0.035,0.119,0.266,-0.344,0.000,-0.818,-0.408,5673,4930;
60269,-0.263,1.451,0.052,0.500,0.255,-0.399,0.000,-0.818,-0.408,5501,4904;
60299,-0.169,0.959,0.000,0.682,0.404,-0.347,-0.091,0.000,-0.510,5634,4974;
60329,0.188,0.775,0.161,0.310,-0.101,-0.062,-0.091,0.000,-0.510,5613,5002;
60373,0.090,1.000,0.108,0.153,-0.155,0.321,0.000,-0.727,-0.102,5598,4968;
60419,-0.117,0.895,0.119,-0.057,0.476,0.210,0.000,-0.727,-0.102,5605,4975;
60439,-0.128,0.959,0.038,0.107,1.030,0.152,-0.182,0.000,-0.204,5591,4991;
60469,0.019,0.917,0.031,0.042,1.095,0.083,-0.182,0.000,-0.204,5576,4983;
60499,0.199,0.959,0.077,-0.121,0.912,0.045,-0.182,0.000,-0.204,5559,4935;
60529,0.143,1.019,-0.021,-0.083,0.845,-0.035,0.000,0.000,-0.306,5502,4932;
60568,0.090,0.951,-0.059,0.049,0.702,-0.100,0.000,0.000,-0.306,5510,4896;
60619,0.136,0.929,-0.126,0.041,0.625,-0.092,-0.182,0.182,0.306,5525,4828;
60639,0.166,0.944,-0.126,-0.089,0.572,-0.108,0.091,0.182,-0.102,5518,4844;
60669,0.151,0.970,-0.105,-0.051,0.464,-0.135,0.091,0.182,-0.102,5506,4820;
60699,0.128,0.970,-0.122,-0.079,0.425,-0.138,0.091,0.182,-0.102,5496,4802;
60729,0.090,0.936,-0.140,-0.121,0.510,-0.182,0.091,0.182,-0.612,5476,4782;
60761,0.102,0.914,-0.140,-0.175,0.556,-0.203,0.091,0.182,-0.612,5469,4763;
60789,0.162,0.944,-0.129,-0.158,0.565,-0.215,0.000,-0.727,0.204,5408,4740;
60819,0.177,0.970,-0.133,-0.117,0.458,-0.195,0.000,-0.727,0.204,5427,4700;
60849,0.158,0.963,-0.161,-0.100,0.463,-0.192,0.091,0.545,1.224,5410,4749;
60869,0.162,0.981,-0.175,-0.028,0.504,-0.193,0.091,0.545,1.224,5415,4743;
60899,0.147,1.000,-0.210,-0.017,0.529,-0.172,0.091,0.545,1.224,5391,4743;
60929,0.166,1.042,-0.227,-0.057,0.599,-0.141,0.273,0.182,-0.510,5416,4706;
60969,0.199,1.064,-0.217,-0.124,0.682,-0.086,0.273,0.182,-0.510,5382,4712;
60999,0.181,1.117,-0.265,0.063,0.953,0.001,0.000,0.273,-0.408,5407,4768;
61039,0.252,1.271,-0.168,0.084,0.602,0.231,0.000,0.273,-0.408,5373,4789;
61069,0.331,1.275,-0.066,-0.344,0.464,0.375,0.182,0.182,-0.102,5319,4726;
61099,0.233,1.162,0.220,-0.376,0.002,0.441,0.182,0.182,-0.102,5531,4859;
61119,-0.260,1.030,0.199,-0.301,-0.067,0.306,0.000,0.091,-0.204,5613,4869;
61149,-0.343,0.933,0.042,-0.085,0.305,0.080,0.000,0.091,-0.204,5641,4901;
61201,-0.169,1.015,-0.007,0.319,0.555,0.035,0.182,-0.091,-0.714,5649,4964;
61239,0.139,0.966,-0.042,0.127,0.170,0.035,0.182,-0.091,-0.714,5665,4972;
61259,0.120,0.955,-0.038,0.058,-0.129,-0.008,0.091,-0.091,0.102,5741,4967;
61289,0.083,0.955,-0.017,0.034,-0.308,-0.136,0.091,-0.091,0.102,5781,4963;
61319,0.011,0.993,-0.017,0.140,-0.427,-0.219,-0.091,0.182,-0.408,5814,4980;
61349,0.034,0.936,-0.038,0.126,-0.543,-0.131,-0.091,0.182,-0.408,5787,4991;
61389,0.030,0.902,-0.066,0.035,-0.520,-0.072,-0.091,0.182,-0.408,5847,5012;
61419,-0.023,0.917,-0.101,-0.007,-0.430,-0.073,-0.091,0.091,0.000,5873,5006;
61449,0.023,0.970,-0.063,0.021,-0.389,-0.027,0.182,0.091,-0.510,5897,5031;
61479,0.011,0.936,-0.105,0.058,-0.380,0.049,0.182,0.091,-0.510,5906,5027;
61509,0.004,0.914,-0.122,0.079,-0.331,0.106,0.182,0.091,-0.510,5918,5001;
61539,0.026,0.902,-0.147,0.008,-0.368,0.127,0.091,-0.091,-0.204,5921,4961;
61569,0.079,0.876,-0.150,-0.100,-0.528,0.178,0.091,-0.091,-0.204,5898,4983;
61610,0.049,0.933,-0.154,-0.063,-0.551,0.127,-0.091,0.182,-0.204,5882,4957;
61649,-0.015,1.027,-0.178,0.036,-0.423,0.047,-0.273,0.727,1.327,5806,4932;
61679,-0.026,0.989,-0.227,0.159,-0.307,0.036,-0.273,0.727,1.327,5808,4906;
61709,0.049,1.027,-0.220,0.142,-0.342,0.029,-0.273,0.727,1.327,5761,4885;
61729,0.087,1.060,-0.255,0.016,-0.389,0.030,0.091,0.273,-0.102,5763,4861;
61782,0.105,1.087,-0.279,0.061,-0.397,0.033,0.091,0.273,-0.102,5751,4843;
61819,0.147,1.064,-0.339,0.033,-0.070,-0.180,-0.091,-0.182,0.000,5656,4812;
61849,-0.090,1.399,-0.007,0.024,0.101,-0.288,-0.091,-0.182,0.000,5647,4833;
61879,-0.230,1.346,-0.038,0.234,0.149,-0.414,-0.182,0.091,-0.102,5625,4828;
61909,-0.275,1.064,-0.098,0.470,0.458,-0.376,-0.182,0.091,-0.102,5597,4815;
61929,0.053,0.816,0.056,0.393,0.431,-0.066,0.182,-0.091,-0.510,5616,4825;
61972,0.090,0.703,0.115,0.125,0.053,0.079,0.182,-0.091,-0.510,5573,4798;
62009,0.045,1.023,0.115,-0.046,0.073,0.169,-0.182,0.182,0.000,5577,4781;
62039,-0.064,0.974,0.077,-0.030,0.229,0.183,-0.182,0.182,0.000,5575,4766;
62069,-0.056,0.963,0.042,0.073,0.429,0.161,0.273,0.091,0.204,5555,4760;
62089,-0.030,0.936,0.031,-0.032,0.515,0.132,0.273,0.091,0.204,5535,4741;
62119,0.034,1.027,-0.010,-0.011,0.664,0.151,0.273,0.091,0.204,5514,4719;
62159,0.083,0.966,-0.028,-0.029,0.607,0.119,-0.182,0.182,0.306,5492,4603;
62209,0.060,0.940,-0.094,-0.024,0.512,0.018,-0.182,0.182,0.306,5454,4658;
62239,0.105,0.981,-0.126,-0.078,0.560,0.019,0.000,0.091,-0.918,5462,4643;
62269,0.087,0.959,-0.147,-0.035,0.544,-0.002,0.000,0.182,-0.102,5410,4629;
62289,0.098,0.959,-0.136,-0.051,0.517,-0.025,0.000,0.182,-0.102,5450,4614;
62319,0.113,0.974,-0.143,-0.027,0.520,-0.057,0.000,0.182,-0.102,5435,4597;
62349,0.094,0.959,-0.164,-0.018,0.586,-0.064,0.091,-0.091,0.000,5450,4563;
62389,0.117,0.940,-0.171,0.000,0.589,-0.085,0.091,-0.091,0.000,5413,4525;
62439,0.181,0.910,-0.185,-0.078,0.580,-0.102,0.091,-0.091,0.510,5416,4527;
62469,0.184,0.902,-0.182,-0.187,0.531,-0.078,0.091,-0.091,0.510,5389,4560;
62489,0.166,0.936,-0.192,-0.127,0.504,-0.057,0.091,-0.091,0.510,5443,4601;
62519,0.177,0.944,-0.210,-0.057,0.486,-0.039,0.091,-0.091,0.510,5428,4665;
62549,0.196,0.978,-0.196,-0.115,0.409,-0.018,0.364,0.364,-0.510,5436,4723;
62580,0.124,1.000,-0.175,-0.220,0.544,-0.016,0.364,0.364,-0.510,5361,4790;
62629,0.128,1.045,-0.227,-0.214,0.841,-0.079,-0.091,-1.182,-0.612,5408,4882;
62649,0.230,1.068,-0.234,0.018,0.897,-0.024,-0.091,-1.182,-0.612,5442,4961;
62679,0.252,1.260,-0.157,-0.050,0.607,0.186,-0.091,0.000,-0.714,5437,4987;
62699,0.248,1.429,-0.105,-0.166,0.752,0.395,-0.091,0.000,-0.714,5426,4987;
62739,0.350,1.327,0.220,-0.495,0.240,0.478,-0.182,0.000,-0.306,5433,4907;
62769,-0.177,1.169,0.196,-0.178,0.172,0.306,-0.182,0.000,-0.306,5512,4848;
62799,-0.358,0.887,0.014,-0.164,0.635,0.072,-0.182,0.000,-0.306,5588,4919;
62839,-0.166,0.974,-0.010,0.374,0.726,-0.023,-0.091,0.818,0.816,5584,4959;
62869,0.218,0.978,-0.028,0.233,0.250,0.008,-0.091,0.818,0.816,5658,4945;
62899,0.192,0.951,-0.035,0.097,-0.070,0.001,-0.091,0.000,-0.306,5692,4976;
62939,0.075,0.981,-0.063,0.137,-0.229,-0.090,-0.091,0.000,-0.306,5732,4940;
62959,0.000,1.015,0.000,0.225,-0.380,-0.222,-0.091,-0.273,0.102,5792,4977;
62999,-0.056,0.921,-0.049,0.202,-0.300,-0.169,-0.091,-0.273,0.102,5733,4992;
63049,-0.004,0.880,-0.080,0.171,-0.321,-0.115,0.091,0.182,-0.102,5862,5020;
63079,0.015,0.865,-0.063,-0.011,-0.293,-0.056,0.000,-0.091,0.204,5850,5020;
63109,-0.004,0.895,-0.119,0.001,-0.290,0.011,0.000,-0.091,0.204,5894,5015;
63139,0.004,0.891,-0.136,0.119,-0.186,0.090,0.000,-0.091,0.204,5882,5001;
63169,0.038,0.876,-0.157,0.051,-0.283,0.159,0.000,-0.364,-0.102,5870,4986;
63219,0.102,0.921,-0.154,-0.113,-0.409,0.166,0.000,-0.364,-0.102,5818,4925;
63249,0.053,0.978,-0.192,-0.029,-0.427,0.138,0.182,-0.273,-0.816,5793,4844;
63289,0.075,1.015,-0.210,0.024,-0.486,0.068,0.091,0.273,-0.102,5613,4900;
63309,0.049,0.993,-0.203,0.045,-0.477,0.057,0.091,0.273,-0.102,5746,4888;
63339,0.068,0.966,-0.234,-0.013,-0.463,0.039,0.091,0.273,-0.102,5728,4868;
63359,0.094,1.000,-0.244,0.010,-0.459,0.007,-0.091,0.182,-1.224,5704,4873;
63409,0.060,1.057,-0.293,0.109,-0.491,0.012,-0.091,0.182,-1.224,5687,4844;
63449,0.143,1.075,-0.349,0.191,-0.629,0.055,0.273,-0.091,0.000,5680,4838;
63479,0.105,1.105,-0.304,0.004,-0.316,-0.033,0.273,-0.091,0.000,5655,4835;
63499,-0.049,1.286,-0.129,-0.005,-0.114,-0.204,-0.091,0.000,0.000,5619,4835;
63539,-0.158,1.286,-0.087,0.135,0.189,-0.266,-0.091,0.000,0.000,5581,4819;
63569,-0.154,1.072,-0.066,0.293,0.444,-0.338,0.182,0.000,0.306,5558,4785;
63607,0.015,0.940,0.024,0.310,0.387,-0.199,0.182,0.000,0.306,5528,4757;
63639,0.072,0.887,0.045,0.096,-0.010,0.087,0.273,0.091,-1.327,5509,4758;
63669,0.068,1.030,0.049,-0.019,0.084,0.135,0.273,0.091,-1.327,5465,4709;
63699,0.004,0.996,0.042,0.057,0.121,0.166,-0.182,-0.091,0.000,5471,4721;
63719,-0.015,0.925,-0.024,0.130,0.221,0.215,-0.182,-0.091,0.000,5457,4709;
63759,-0.004,0.921,-0.028,0.027,0.352,0.197,-0.182,-0.091,0.000,5401,4691;
63801,0.023,0.978,-0.021,-0.137,0.498,0.154,0.091,0.455,0.204,5363,4655;
63839,0.034,0.974,-0.042,-0.061,0.593,0.076,0.091,0.091,0.204,5412,4618;
63859,0.041,0.921,-0.091,-0.035,0.624,0.015,0.091,0.091,0.204,5421,4617;
63889,0.117,0.951,-0.140,-0.058,0.565,-0.019,0.091,0.091,0.204,5416,4575;
63919,0.177,0.959,-0.133,-0.041,0.466,-0.022,0.000,0.273,0.000,5401,4577;
63949,0.166,0.963,-0.140,-0.055,0.375,-0.041,0.000,0.273,0.000,5394,4558;
63991,0.068,0.951,-0.150,-0.159,0.441,-0.087,-0.091,0.091,0.000,5384,4553;
64039,0.030,0.959,-0.154,-0.157,0.722,-0.104,0.091,0.818,0.918,5376,4589;
64069,0.143,0.914,-0.168,-0.217,0.850,-0.169,0.091,0.818,0.918,5368,4620;
64099,0.173,0.925,-0.157,-0.222,0.760,-0.203,0.091,0.818,0.918,5383,4604;
64119,0.177,0.929,-0.168,-0.186,0.784,-0.198,0.182,0.273,0.102,5377,4666;
64149,0.184,0.921,-0.168,-0.186,0.708,-0.200,0.182,0.273,0.102,5357,4695;
64169,0.169,0.963,-0.161,-0.169,0.635,-0.195,0.182,0.000,-0.102,5360,4729;
64215,0.151,1.034,-0.192,-0.118,0.626,-0.132,0.182,0.000,-0.102,5303,4743;
64259,0.199,1.072,-0.231,-0.102,0.828,-0.030,0.182,-0.182,-0.510,5381,4786;
64289,0.181,1.139,-0.290,0.064,0.932,-0.022,0.182,-0.182,-0.510,5388,4864;
64319,0.188,1.327,-0.126,-0.066,0.828,0.187,0.091,0.000,-0.204,5384,4861;
64349,0.343,1.361,-0.070,-0.391,0.711,0.452,0.091,0.000,-0.204,5460,4842;
64369,0.279,1.121,0.161,-0.602,0.327,0.455,-0.091,0.182,-0.102,5506,4801;
64439,-0.237,1.027,0.244,-0.441,0.124,0.214,-0.091,0.182,-0.102,5594,4826;
64469,-0.151,1.015,0.038,0.237,0.705,0.004,0.000,0.091,-1.224,5611,4895;
64489,0.090,0.970,-0.017,0.078,0.503,-0.008,0.000,0.091,-1.224,5635,4918;
64519,0.128,0.944,0.010,-0.055,0.283,-0.038,-0.091,0.091,-0.408,5603,4921;
64559,0.053,0.985,-0.031,-0.005,0.233,-0.110,-0.091,0.091,-0.408,5666,4921;
64579,0.000,1.034,-0.003,0.086,0.132,-0.153,0.000,0.182,-0.306,5700,4927;
64625,-0.011,0.940,-0.017,0.203,0.021,-0.168,0.000,0.182,-0.306,5727,4938;
64669,0.045,0.887,-0.063,0.102,-0.032,-0.113,-0.273,-0.091,-0.612,5738,4957;
64689,0.072,0.951,-0.091,0.040,-0.113,-0.100,-0.273,-0.091,-0.612,5765,4962;
64719,0.041,0.966,-0.063,0.076,-0.126,-0.093,-0.091,0.000,-0.408,5728,4928;
64749,0.011,0.966,-0.098,0.062,-0.182,-0.064,-0.091,0.000,-0.408,5795,4904;
64769,0.023,0.940,-0.080,0.063,-0.109,-0.056,-0.091,0.000,-0.408,5739,4913;
64799,0.060,0.899,-0.105,0.084,-0.204,0.030,-0.091,0.273,-0.714,5823,4939;
64863,0.064,0.902,-0.108,0.008,-0.273,0.041,0.273,-0.091,-0.204,5778,4908;
64899,0.094,0.921,-0.157,0.165,-0.339,0.154,0.273,-0.091,-0.204,5757,4880;
64929,0.034,0.966,-0.189,0.146,-0.368,0.123,-0.182,0.000,-0.204,5675,4856;
64959,0.034,1.004,-0.217,0.084,-0.344,0.059,-0.182,0.000,-0.204,5675,4834;
64989,0.064,1.011,-0.213,0.050,-0.431,0.018,0.182,0.000,0.000,5649,4810;
65039,0.090,1.087,-0.241,0.038,-0.466,-0.057,0.182,0.000,0.000,5610,4796;
65069,0.109,1.105,-0.300,0.180,-0.566,-0.027,0.000,0.091,-0.612,5560,4794;
65099,0.019,1.166,-0.251,0.035,-0.160,-0.168,0.000,0.091,-0.612,5578,4791;
65129,-0.083,1.387,-0.136,0.223,0.039,-0.297,0.091,-0.091,0.204,5553,4797;
65159,-0.136,1.260,-0.070,0.384,0.185,-0.318,0.091,-0.091,0.204,5509,4820;
65189,-0.132,1.068,-0.077,0.341,0.363,-0.351,0.091,-0.091,0.204,5521,4838;
65229,0.019,0.936,0.010,0.256,0.376,-0.189,0.182,0.364,-0.612,5512,4859;
65261,0.090,0.775,0.094,0.197,-0.125,0.023,-0.091,0.182,0.408,5502,4853;
65299,0.015,0.989,0.094,0.016,-0.058,0.161,-0.091,0.182,0.408,5497,4854;
65319,-0.034,0.974,0.042,0.079,0.047,0.170,0.091,0.000,-0.306,5490,4827;
65349,-0.008,0.948,0.031,0.152,0.073,0.194,0.091,0.000,-0.306,5478,4843;
65379,0.008,0.978,-0.010,0.073,0.164,0.189,0.091,0.000,-0.306,5467,4840;
65412,0.015,0.993,-0.024,0.027,0.200,0.240,0.000,0.182,-0.102,5439,4838;
65460,0.075,0.963,-0.056,0.046,0.138,0.166,0.000,0.182,-0.102,5428,4813;
65489,0.102,0.948,-0.077,0.011,0.021,0.120,0.182,-0.727,0.306,5444,4806;
65519,0.075,0.944,-0.122,-0.072,0.076,0.102,0.182,-0.727,0.306,5443,4794;
65549,0.075,0.978,-0.115,-0.024,0.022,0.112,-0.091,0.091,-0.408,5409,4769;
65579,0.034,0.948,-0.168,0.006,0.134,0.089,-0.091,0.091,-0.408,5442,4767;
65609,0.034,0.951,-0.164,0.007,0.206,0.055,0.000,0.000,0.102,5434,4747;
65657,0.041,0.933,-0.150,-0.027,0.319,0.010,0.000,0.000,0.102,5372,4740;
65699,0.117,0.895,-0.178,-0.154,0.503,-0.108,-0.182,-0.091,0.102,5408,4728;
65729,0.136,0.921,-0.182,-0.227,0.515,-0.123,-0.182,-0.091,0.102,5394,4691;
65759,0.124,0.936,-0.185,-0.259,0.647,-0.117,0.000,-0.091,-0.102,5365,4718;
65799,0.094,0.966,-0.185,-0.239,0.748,-0.086,0.000,-0.091,-0.102,5351,4730;
65840,0.147,0.989,-0.192,-0.229,0.787,-0.049,0.091,0.000,0.000,5340,4693;
65869,0.237,1.045,-0.206,-0.108,0.945,-0.074,0.273,0.182,0.000,5322,4750;
65899,0.294,1.083,-0.251,-0.129,0.951,-0.050,0.273,0.182,0.000,5389,4788;
65929,0.256,1.090,-0.265,0.057,0.966,0.022,0.273,0.182,0.000,5407,4814;
65959,0.222,1.275,-0.168,0.086,0.794,0.177,0.091,0.000,0.408,5390,4828;
65979,0.335,1.421,-0.007,-0.160,0.555,0.446,0.091,0.000,0.408,5420,4802;
66019,0.373,1.297,0.059,-0.609,0.109,0.518,0.091,0.000,-0.408,5468,4728;
66079,-0.173,0.996,0.140,-0.391,0.182,0.174,0.091,0.000,-0.102,5619,4748;
66109,-0.162,0.951,0.010,0.336,0.765,0.034,0.091,0.000,-0.102,5638,4803;
66139,0.098,0.921,-0.014,0.244,0.539,0.041,0.091,0.000,-0.102,5632,4805;
66169,0.128,0.929,-0.007,-0.036,0.306,0.040,0.000,0.000,-0.102,5638,4785;
66201,0.008,0.996,-0.007,-0.086,0.321,0.034,0.000,0.000,-0.102,5645,4777;
66239,-0.034,1.049,-0.021,0.052,0.181,-0.126,0.000,0.000,0.204,5643,4780;
66279,0.105,0.970,-0.021,0.157,0.034,-0.107,0.000,0.000,0.204,5656,4796;
66309,0.128,0.914,-0.059,0.053,-0.134,-0.187,-0.273,-0.273,0.204,5687,4801;
66339,0.068,0.948,-0.084,0.136,-0.131,-0.211,-0.273,-0.273,0.204,5679,4792;
66369,0.045,0.940,-0.122,0.212,-0.158,-0.161,0.091,0.000,-0.306,5675,4792;
66399,0.105,0.857,-0.143,0.155,-0.203,-0.086,0.091,0.000,-0.306,5669,4791;
66439,0.075,0.850,-0.126,-0.040,-0.431,-0.049,0.091,0.091,-0.204,5643,4783;
66489,0.075,0.933,-0.185,0.222,-0.406,0.053,-0.091,0.182,0.204,5566,4781;
66519,0.098,0.970,-0.192,0.100,-0.687,0.100,-0.091,0.182,0.204,5565,4771;
66539,0.034,1.027,-0.192,0.090,-0.637,0.049,-0.091,0.182,0.204,5529,4752;
66569,0.008,1.038,-0.265,0.244,-0.508,-0.041,-0.091,0.091,0.510,5532,4745;
66599,0.068,1.004,-0.283,0.194,-0.489,-0.011,-0.091,0.091,0.510,5506,4727;
66639,0.049,1.064,-0.311,0.095,-0.560,-0.028,0.000,-0.455,-0.612,5472,4671;
66669,0.053,1.060,-0.388,0.219,-0.505,-0.051,0.000,-0.455,-0.612,5411,4651;
66689,0.038,1.098,-0.353,0.055,-0.118,-0.225,0.182,0.182,-0.204,5430,4656;
66719,0.011,1.342,-0.105,-0.181,0.032,-0.381,0.182,0.182,-0.204,5317,4643;
66769,-0.211,1.459,-0.007,0.338,0.424,-0.517,0.182,0.273,0.000,5453,4711;
66789,-0.056,0.782,-0.042,0.331,0.429,-0.340,0.182,0.273,0.000,5475,4724;
66839,0.154,0.778,0.063,0.110,0.064,0.010,0.000,0.091,-0.204,5465,4693;
66889,0.045,0.963,0.073,-0.022,-0.115,0.084,0.000,0.091,-0.204,5390,4688;
66909,-0.015,1.019,-0.017,0.164,0.124,0.172,0.000,-0.636,0.000,5432,4679;
66939,0.019,0.940,-0.038,0.214,0.138,0.177,0.000,-0.636,0.000,5427,4666;
66969,0.030,0.872,-0.024,-0.093,0.089,0.216,0.091,-0.091,-0.306,5385,4594;
66999,0.019,0.936,-0.021,-0.203,0.159,0.180,0.091,-0.091,-0.306,5394,4637;
67029,-0.004,0.959,-0.007,-0.214,0.188,0.113,0.182,-0.182,0.510,5378,4610;
67086,0.000,0.959,-0.035,-0.186,0.351,0.007,0.182,-0.182,0.510,5376,4605;
67119,0.075,0.966,-0.108,0.010,0.495,0.039,-0.091,0.000,-0.102,5376,4603;
67149,0.083,0.944,-0.136,0.022,0.482,0.011,-0.091,0.000,-0.102,5373,4562;
67179,0.087,0.936,-0.147,-0.044,0.471,-0.041,-0.091,-0.182,-0.204,5356,4550;
67199,0.083,0.959,-0.122,-0.106,0.577,-0.109,-0.091,-0.182,-0.204,5359,4561;
67249,0.079,0.933,-0.192,-0.101,0.754,-0.136,0.000,0.000,0.102,5319,4544;
67289,0.154,0.940,-0.143,-0.227,0.708,-0.103,0.000,0.000,0.102,5275,4529;
67319,0.120,0.921,-0.182,-0.323,0.889,-0.154,0.182,0.000,-1.531,5274,4547;
67339,0.136,0.970,-0.154,-0.248,0.894,-0.191,0.182,0.000,-1.531,5276,4543;
67369,0.192,0.989,-0.185,-0.159,0.843,-0.182,0.091,-0.091,0.102,5273,4522;
67399,0.260,1.027,-0.192,-0.170,0.830,-0.142,0.091,-0.091,0.102,5297,4589;
67429,0.245,1.079,-0.199,-0.210,0.845,-0.104,0.091,-0.091,0.102,5285,4560;
67459,0.211,1.147,-0.220,-0.136,1.034,0.015,-0.091,0.091,-0.102,5326,4634;
67502,0.166,1.222,-0.168,-0.114,0.929,0.110,-0.091,0.091,-0.102,5324,4671;
67529,0.282,1.478,-0.059,-0.522,0.676,0.214,0.000,0.182,-0.102,5402,4733;
67559,0.252,1.365,0.147,-0.381,0.189,0.447,0.000,0.182,-0.102,5443,4694;
67589,-0.128,0.996,0.175,-0.497,0.075,0.384,0.091,0.000,-0.510,5520,4625;
67629,-0.301,0.756,0.087,-0.208,0.492,0.081,0.091,0.000,-0.510,5640,4742;
67669,-0.173,0.887,0.035,0.287,0.586,0.032,0.091,0.091,0.000,5614,4771;
67699,-0.026,0.993,-0.010,0.181,0.504,0.047,0.091,0.091,0.000,5539,4755;
67729,-0.023,0.996,-0.059,0.064,0.495,0.104,-0.273,0.273,-0.612,5600,4782;
67760,0.008,0.970,-0.017,-0.057,0.345,0.045,-0.273,0.273,-0.612,5625,4774;
67799,0.008,0.989,0.014,-0.040,0.062,-0.115,0.273,0.091,-0.306,5605,4810;
67849,0.072,0.978,-0.010,0.177,-0.085,-0.154,0.273,0.091,-0.306,5709,4845;
67879,0.049,0.929,-0.087,0.072,-0.186,-0.138,-0.091,-0.091,-0.306,5709,4856;
67919,0.030,0.906,-0.101,0.035,-0.216,-0.095,-0.182,0.818,1.122,5744,4878;
67949,0.102,0.925,-0.115,0.124,-0.299,-0.019,-0.182,0.818,1.122,5773,4886;
67979,0.098,0.850,-0.147,0.033,-0.386,0.050,0.273,-0.091,-0.102,5799,4866;
68019,0.075,0.854,-0.143,0.013,-0.484,0.141,0.273,-0.091,-0.102,5822,4847;
68060,0.102,0.906,-0.185,0.165,-0.686,0.219,0.182,0.091,0.102,5811,4805;
68109,0.109,1.008,-0.175,0.164,-0.749,0.277,0.182,0.091,0.102,5788,4736;
68129,-0.041,1.008,-0.213,0.221,-0.554,0.102,0.273,0.727,0.918,5775,4729;
68159,-0.045,1.030,-0.314,0.278,-0.444,0.056,0.273,0.727,0.918,5743,4720;
68189,0.060,1.124,-0.342,0.256,-0.480,0.041,-0.091,-0.182,-0.510,5674,4715;
68229,0.064,1.121,-0.353,0.251,-0.576,0.074,-0.091,-0.182,-0.510,5702,4714;
68269,0.049,1.042,-0.339,0.142,-0.386,-0.033,0.000,0.182,-0.102,5687,4710;
68299,-0.056,1.301,-0.122,-0.063,-0.078,-0.246,0.000,0.182,-0.102,5605,4720;
68329,-0.222,1.395,0.084,0.012,0.403,-0.506,-0.091,0.727,1.429,5579,4773;
68359,-0.263,1.117,0.063,0.334,0.755,-0.616,-0.091,0.727,1.429,5590,4810;
68389,0.060,0.786,0.084,0.378,0.516,-0.369,0.091,0.000,-0.306,5558,4836;
68419,0.128,0.880,0.126,0.233,0.186,0.034,0.091,0.000,-0.306,5459,4844;
68450,-0.023,0.906,0.038,0.129,0.262,0.177,0.091,0.000,-0.306,5473,4862;
68496,-0.056,0.895,0.059,-0.141,0.480,0.237,0.000,0.000,-0.204,5443,4867;
68529,0.094,0.914,-0.007,0.078,0.599,0.192,0.000,0.091,0.000,5412,4852;
68559,0.117,0.846,0.010,-0.144,0.514,0.064,0.000,0.091,0.000,5407,4842;
68579,0.128,0.914,0.014,-0.336,0.413,0.004,-0.091,0.000,0.306,5401,4790;
68609,0.072,1.019,-0.035,-0.157,0.362,-0.045,-0.091,0.000,0.306,5313,4794;
68639,0.041,1.030,-0.077,-0.001,0.414,-0.050,-0.091,0.000,0.306,5386,4794;
68679,0.075,0.963,-0.087,0.000,0.385,-0.024,0.182,0.273,0.306,5354,4759;
68709,0.049,0.970,-0.171,0.007,0.567,-0.002,0.182,0.273,0.306,5294,4675;
68749,0.113,0.955,-0.133,-0.052,0.650,0.005,-0.273,-0.091,0.306,5329,4575;
68779,0.098,0.925,-0.140,-0.186,0.692,-0.061,-0.273,-0.091,0.306,5345,4530;
68809,0.090,0.933,-0.129,-0.227,0.671,-0.108,0.182,0.091,-0.102,5340,4469;
68849,0.128,0.951,-0.115,-0.028,0.691,-0.134,0.182,0.091,-0.102,5331,4418;
68889,0.196,0.925,-0.115,0.023,0.698,-0.129,-0.091,-0.364,0.204,5265,4370;
68909,0.241,0.981,-0.175,-0.023,0.650,-0.118,-0.091,-0.364,0.204,5220,4289;
68950,0.192,0.996,-0.147,-0.102,0.599,-0.075,0.000,0.455,-0.306,5200,4317;
68989,0.128,1.045,-0.224,-0.158,0.680,-0.095,0.000,0.455,-0.306,5225,4331;
69019,0.245,1.060,-0.234,-0.087,0.704,-0.089,-0.091,-0.091,-0.102,5224,4293;
69049,0.275,1.083,-0.213,-0.118,0.744,-0.021,-0.091,-0.091,-0.102,5194,4367;
69089,0.230,1.188,-0.101,-0.240,0.739,0.112,0.000,0.000,0.000,5292,4402;
69129,0.120,1.297,-0.105,-0.290,0.694,0.255,0.000,0.000,0.000,5321,4492;
69159,0.181,1.173,0.196,-0.466,0.227,0.304,-0.091,0.364,-0.204,5386,4529;
69179,-0.015,1.023,0.244,-0.430,-0.038,0.259,-0.091,0.364,-0.204,5434,4533;
69209,-0.294,0.914,0.077,-0.206,0.299,0.062,0.091,0.182,0.000,5474,4576;
69249,-0.188,0.985,0.091,-0.049,0.542,0.051,0.091,0.182,0.000,5428,4659;
69279,-0.045,1.011,0.010,-0.035,0.448,-0.012,0.000,0.091,-0.510,5293,4720;
69329,0.060,0.963,0.014,-0.022,0.187,-0.029,0.000,0.091,-0.510,5482,4729;
69359,0.072,0.966,0.014,-0.188,-0.129,-0.141,-0.182,0.000,0.102,5531,4751;
69379,-0.004,1.000,0.003,0.017,-0.177,-0.229,-0.182,0.000,0.102,5546,4782;
69409,0.023,0.978,-0.035,0.113,-0.239,-0.226,0.091,0.000,-0.102,5540,4818;
69439,0.056,0.955,-0.052,0.079,-0.287,-0.148,0.091,0.000,-0.102,5579,4864;
69479,0.083,0.933,-0.066,0.079,-0.347,-0.109,0.091,0.000,-0.102,5586,4859;
69510,0.109,0.921,-0.077,0.115,-0.508,-0.078,0.000,0.182,-0.306,5580,4856;
69549,0.087,0.951,-0.066,0.209,-0.591,-0.089,0.091,-0.091,0.918,5614,4892;
69579,0.064,0.891,-0.119,0.274,-0.548,0.021,0.091,-0.091,0.918,5624,4895;
69609,0.083,0.902,-0.143,0.257,-0.590,0.127,0.182,0.000,-0.102,5623,4873;
69639,0.068,0.899,-0.129,0.255,-0.668,0.231,0.182,0.000,-0.102,5569,4858;
69673,0.068,0.887,-0.143,0.274,-0.710,0.257,0.182,0.000,-0.102,5606,4836;
69719,0.034,0.970,-0.182,0.191,-0.477,0.220,0.182,-0.273,-0.306,5551,4799;
69749,0.034,1.011,-0.224,0.160,-0.464,0.068,0.091,-0.182,0.000,5540,4800;
69779,0.064,1.105,-0.234,0.257,-0.380,-0.046,0.091,-0.182,0.000,5552,4819;
69809,0.083,1.147,-0.335,0.330,-0.486,-0.004,23.182,0.091,0.918,5539,4814;
69839,0.087,1.128,-0.388,0.330,-0.535,0.053,-0.091,0.091,0.918,5559,4772;
69869,0.075,1.079,-0.321,0.062,-0.197,-0.024,-0.091,0.091,0.918,5531,4790;
69910,-0.015,1.451,-0.077,0.053,-0.034,-0.311,0.273,0.182,-0.306,5467,4770;
69959,-0.316,1.038,-0.003,0.357,0.634,-0.549,-0.091,0.091,0.000,5514,4902;
69979,0.030,0.827,0.070,0.282,0.489,-0.379,-0.091,0.091,0.000,5488,4923;
70009,0.252,0.895,0.164,0.098,-0.023,0.092,-0.091,0.091,0.000,5453,4897;
70039,0.117,0.970,0.070,0.109,-0.148,0.242,-0.182,0.000,-0.306,5437,4818;
70088,-0.030,0.970,0.070,0.018,0.047,0.193,-0.182,0.000,-0.306,5423,4823;
70129,-0.034,0.933,-0.031,0.227,0.339,0.257,0.000,-0.091,-0.306,5369,4791;
70159,0.045,0.891,-0.028,-0.098,0.355,0.140,0.091,0.636,1.531,5365,4788;
70189,0.026,0.914,-0.035,-0.248,0.437,0.042,0.091,0.636,1.531,5351,4773;
70219,0.011,0.966,-0.056,-0.194,0.523,-0.047,0.091,0.636,1.531,5335,4764;
70239,0.064,0.955,-0.094,-0.131,0.559,-0.131,0.182,-0.182,-0.306,5321,4716;
70272,0.147,0.970,-0.115,-0.097,0.425,-0.127,0.182,-0.182,-0.306,5301,4740;
70323,0.113,0.936,-0.164,-0.132,0.398,-0.072,0.000,0.182,-0.102,5253,4680;
70359,0.053,0.936,-0.164,-0.170,0.494,-0.120,0.091,-0.182,-0.612,5120,4494;
70389,0.105,0.936,-0.143,-0.147,0.631,-0.141,0.091,-0.182,-0.612,5237,4623;
70419,0.113,0.891,-0.157,-0.222,0.708,-0.131,0.091,-0.182,-0.612,5223,4618;
70459,0.102,0.933,-0.168,-0.244,0.902,-0.127,0.182,0.000,-0.306,5214,4599;
70505,0.094,0.940,-0.189,-0.188,1.110,-0.107,-0.091,0.091,-0.306,5169,4586;
70549,0.226,1.011,-0.119,-0.110,0.799,-0.007,-0.091,0.091,-0.306,5139,4486;
70569,0.275,1.094,-0.143,-0.089,0.834,0.061,0.000,-0.727,-0.816,5125,4511;
70599,0.252,1.075,-0.168,0.004,0.851,0.087,0.000,-0.727,-0.816,5209,4511;
70629,0.181,1.139,-0.178,0.198,0.772,0.120,-0.182,-0.091,-0.306,5163,4527;
70669,0.297,1.440,-0.112,-0.006,0.478,0.491,-0.182,-0.091,-0.306,5246,4564;
70719,0.275,1.339,0.304,-0.720,-0.095,0.676,-0.182,-0.636,0.102,5392,4416;
70759,-0.497,0.944,0.063,-0.266,0.605,0.080,0.000,0.091,0.816,5480,4551;
70789,-0.060,0.959,0.024,0.365,0.738,-0.069,0.000,0.091,0.816,5525,4637;
70829,0.117,0.933,0.003,0.093,0.491,-0.076,0.000,0.091,0.816,5512,4593;
70859,0.034,0.989,-0.070,0.006,0.416,0.007,-0.182,-0.091,-0.510,5525,4625;
70889,-0.034,1.004,-0.063,0.046,0.327,-0.101,-0.182,-0.091,-0.510,5535,4657;
70939,0.090,0.951,-0.031,0.202,0.046,-0.178,0.000,-0.091,-0.204,5588,4724;
70979,0.094,0.925,-0.052,0.115,-0.225,-0.138,-0.091,-0.273,-0.714,5652,4759;
70999,0.015,0.948,-0.063,0.015,-0.363,-0.163,-0.091,-0.273,-0.714,5678,4762;
71029,-0.004,0.940,-0.073,0.078,-0.403,-0.146,-0.091,-0.273,-0.714,5680,4773;
71059,0.008,0.940,-0.073,0.078,-0.447,-0.127,0.000,0.091,0.000,5698,4748;
71099,0.019,0.902,-0.080,0.039,-0.491,-0.039,0.000,0.091,0.000,5723,4794;
71159,0.011,0.887,-0.094,-0.029,-0.484,0.050,0.000,-0.091,0.102,5748,4805;
71179,0.011,0.910,-0.105,-0.101,-0.481,0.066,0.091,-0.091,-0.306,5784,4803;
71209,-0.011,0.936,-0.105,-0.050,-0.399,0.040,0.091,-0.091,-0.306,5781,4810;
71239,-0.030,0.981,-0.164,0.011,-0.239,0.059,-0.273,0.455,1.020,5752,4810;
71269,-0.004,1.000,-0.203,0.006,-0.115,0.078,-0.273,0.455,1.020,5652,4787;
71319,0.041,1.019,-0.227,-0.019,-0.120,0.029,-0.273,0.455,1.020,5690,4751;
71359,0.132,1.087,-0.325,0.146,-0.271,0.002,0.091,0.091,-0.612,5628,4776;
71389,0.169,1.124,-0.363,0.227,-0.441,0.013,-0.091,-0.636,-0.102,5659,4777;
71409,0.090,1.121,-0.272,-0.013,-0.198,-0.030,-0.091,-0.636,-0.102,5652,4767;
71439,-0.147,1.429,-0.126,-0.075,-0.019,-0.238,-0.091,-0.636,-0.102,5560,4770;
71459,-0.241,1.463,0.010,0.274,0.266,-0.379,-0.182,-0.091,0.204,5516,4804;
71499,-0.275,1.260,-0.056,0.595,0.543,-0.460,-0.182,-0.091,0.204,5465,4840;
71539,0.068,0.741,0.010,0.347,0.528,-0.401,0.091,0.727,-0.204,5404,4867;
71569,0.181,0.793,0.161,-0.036,-0.121,0.028,0.091,0.727,-0.204,5418,4812;
71599,0.041,0.993,0.087,0.006,-0.130,0.177,0.091,0.182,0.000,5418,4821;
71629,-0.045,0.966,0.091,0.017,-0.059,0.215,0.091,0.182,0.000,5409,4803;
71659,-0.109,0.966,0.010,0.069,0.221,0.220,0.182,0.000,0.000,5397,4791;
71689,-0.064,0.933,-0.007,0.090,0.424,0.194,0.182,0.000,0.000,5327,4804;
71739,0.072,0.933,0.014,-0.138,0.498,0.202,0.273,-0.364,-0.306,5319,4790;
71769,0.087,0.948,-0.003,-0.113,0.421,0.063,0.273,-0.364,-0.306,5321,4771;
71799,0.087,0.948,-0.031,-0.097,0.438,0.011,-0.091,0.455,-0.204,5328,4770;
71819,0.124,0.948,-0.070,-0.101,0.384,0.010,-0.091,0.455,-0.204,5289,4757;
71849,0.098,0.936,-0.084,-0.115,0.362,0.017,0.182,0.182,-0.306,5285,4734;
71889,0.098,0.910,-0.073,-0.103,0.374,-0.027,0.182,0.182,-0.306,5289,4702;
71919,0.068,0.978,-0.136,-0.042,0.500,-0.080,0.182,0.182,-0.306,5265,4694;
71969,0.083,0.966,-0.108,-0.075,0.605,-0.103,0.182,0.182,-0.306,5228,4644;
71999,0.105,0.921,-0.108,-0.012,0.716,-0.131,0.000,-0.818,-0.714,5190,4639;
72029,0.079,0.936,-0.161,-0.103,0.884,-0.108,0.000,-0.818,-0.714,5187,4615;
72059,0.154,0.996,-0.143,0.010,0.840,-0.130,0.182,-0.091,-0.102,5186,4571;
72089,0.230,0.996,-0.164,0.016,0.823,-0.113,0.182,-0.091,-0.102,5166,4519;
72119,0.245,1.023,-0.171,-0.144,0.735,-0.098,0.182,0.000,-26.020,5184,4540;
72149,0.290,1.102,-0.217,-0.081,0.761,-0.008,0.000,0.000,0.102,5176,4531;
72179,0.324,1.019,-0.157,-0.049,0.681,0.052,0.000,0.000,0.102,5229,4530;
72209,0.233,1.094,-0.147,-0.018,0.527,0.130,-0.182,-0.273,-0.714,5260,4536;
72248,0.181,1.339,-0.119,-0.238,0.358,0.415,-0.182,-0.273,-0.714,5278,4520;
72279,0.203,1.372,0.224,-0.521,0.146,0.551,0.182,0.636,0.102,5297,4499;
72309,-0.271,1.143,0.168,-0.347,0.113,0.435,0.182,0.636,0.102,5401,4464;
72339,-0.327,0.902,0.101,-0.055,0.606,0.092,-0.091,-0.273,0.000,5498,4529;
72369,-0.136,0.944,0.073,0.233,0.659,-0.023,-0.091,-0.273,0.000,5364,4586;
72399,0.004,0.906,0.014,0.231,0.508,-0.096,0.364,0.273,0.102,5513,4679;
72439,0.026,1.015,-0.038,0.070,0.423,-0.016,0.364,0.273,0.102,5499,4677;
72479,0.015,0.948,-0.010,0.067,0.287,-0.102,0.000,-0.091,-0.204,5515,4669;
72499,0.034,0.948,-0.017,0.181,0.036,-0.212,0.000,-0.091,-0.204,5521,4685;
72529,0.064,0.929,-0.038,0.155,-0.101,-0.161,0.000,-0.091,0.000,5572,4721;
72559,0.105,0.925,-0.059,0.086,-0.239,-0.137,0.000,-0.091,0.000,5596,4746;
72589,0.060,0.944,-0.045,0.097,-0.387,-0.118,0.000,-0.091,0.000,5638,4767;
72629,0.019,0.981,-0.059,0.115,-0.443,-0.057,0.000,0.000,-0.102,5672,4778;
72659,0.023,0.933,-0.105,0.129,-0.542,0.047,0.000,0.000,-0.102,5716,4810;
72709,0.034,0.925,-0.098,0.141,-0.601,0.062,0.091,0.091,0.000,5752,4802;
72759,0.030,0.891,-0.129,0.032,-0.662,0.114,-0.091,0.091,-0.204,5801,4799;
72779,0.004,0.944,-0.115,-0.091,-0.612,0.110,-0.091,0.091,-0.204,5836,4803;
72809,-0.038,1.011,-0.143,-0.084,-0.500,0.064,-0.364,0.000,-0.102,5800,4806;
72839,-0.064,1.011,-0.185,0.028,-0.319,0.074,-0.364,0.000,-0.102,5858,4811;
72859,0.004,0.963,-0.203,-0.062,-0.249,0.100,-0.364,0.000,-0.102,5853,4819;
72909,0.015,0.996,-0.206,-0.112,-0.155,0.008,0.091,-0.182,-0.510,5831,4792;
72939,0.105,1.087,-0.234,-0.024,-0.246,-0.050,0.000,-0.091,-0.204,5843,4733;
72982,0.143,1.079,-0.307,0.053,-0.363,0.011,0.000,-0.091,-0.204,5851,4825;
73009,0.090,1.049,-0.251,0.000,-0.181,-0.038,-0.182,0.455,0.000,5805,4821;
73039,-0.075,1.376,-0.101,-0.086,-0.044,-0.212,-0.182,0.455,0.000,5815,4820;
73069,-0.263,1.335,0.028,0.080,0.293,-0.263,-0.182,0.455,0.000,5790,4886;
73119,-0.294,1.297,-0.007,0.470,0.577,-0.505,0.091,0.091,0.000,5744,4990;
73166,0.203,0.782,0.101,0.153,0.097,-0.097,0.000,0.091,-0.204,5718,4982;
73199,0.090,0.981,0.147,-0.182,-0.170,0.225,0.000,0.091,-0.204,5713,4944;
73219,-0.045,0.974,0.115,-0.085,-0.025,0.170,-0.182,0.273,0.000,5656,4913;
73249,-0.083,0.996,0.038,0.030,0.157,0.186,-0.182,0.273,0.000,5693,4902;
73279,-0.026,0.948,0.017,0.086,0.310,0.238,0.000,0.091,0.204,5663,4896;
73319,0.038,0.951,0.000,-0.005,0.463,0.270,0.000,0.091,0.204,5590,4880;
73379,0.079,0.974,0.000,-0.083,0.500,0.182,-0.091,-0.182,-0.204,5540,4848;
73409,0.004,0.944,0.007,-0.025,0.552,0.045,-0.091,-0.182,-0.204,5513,4853;
73429,0.008,0.974,0.003,0.035,0.685,0.008,0.182,-0.091,0.000,5493,4862;
73459,0.023,0.955,-0.056,0.017,0.850,-0.050,0.182,-0.091,0.000,5466,4860;
73489,0.094,0.936,-0.042,-0.007,0.811,-0.056,-0.091,0.000,-0.204,5437,4846;
73529,0.136,0.959,-0.042,-0.018,0.703,-0.030,-0.091,0.000,-0.204,5385,4762;
73569,0.087,0.981,-0.094,-0.078,0.684,-0.087,-0.091,-0.727,-0.816,5370,4763;
73599,0.060,0.948,-0.119,-0.074,0.801,-0.158,-0.091,-0.727,-0.816,5324,4745;
73629,0.128,0.940,-0.098,-0.053,0.775,-0.189,0.000,-0.182,0.000,5253,4734;
73649,0.166,0.936,-0.136,-0.093,0.806,-0.195,0.000,-0.182,0.000,5293,4731;
73689,0.181,0.929,-0.105,-0.189,0.754,-0.172,0.000,-0.182,0.000,5288,4721;
73729,0.166,1.004,-0.143,-0.159,0.749,-0.157,-0.091,0.273,-0.612,5260,4654;
73769,0.158,1.038,-0.164,-0.042,0.807,-0.127,-0.091,0.545,1.224,5262,4715;
73809,0.218,1.060,-0.175,-0.027,0.640,-0.115,-0.091,0.545,1.224,5273,4699;
73829,0.222,1.042,-0.251,-0.028,0.773,-0.078,0.182,-0.727,-0.714,5264,4783;
73859,0.173,1.158,-0.150,-0.058,0.789,0.038,0.182,-0.727,-0.714,5341,4836;
73889,0.181,1.346,-0.140,-0.283,0.450,0.358,0.182,-0.727,-0.714,5388,4837;
73919,0.282,1.331,-0.010,-0.718,0.322,0.438,-0.091,-0.182,0.000,5461,4810;
73949,0.233,1.237,0.258,-0.645,-0.022,0.418,-0.091,-0.182,0.000,5537,4758;
73979,-0.267,1.015,0.168,-0.171,0.284,0.149,0.000,0.000,1.224,5607,4828;
74009,-0.166,0.910,0.161,-0.079,0.420,0.028,0.000,0.000,1.224,5645,4887;
74039,-0.128,0.936,0.091,0.185,0.548,-0.001,-0.091,0.273,-0.306,5541,4928;
74069,-0.026,0.955,0.028,0.132,0.499,-0.004,-0.091,0.273,-0.306,5618,4968;
74099,0.023,0.951,0.000,0.112,0.423,0.019,-0.545,0.273,-0.408,5610,4950;
74139,0.102,0.974,0.035,0.051,0.118,-0.022,-0.545,0.273,-0.408,5559,4941;
74179,0.026,0.985,0.056,0.189,-0.120,-0.151,-0.273,0.000,0.000,5697,4960;
74209,0.015,0.929,-0.038,0.219,-0.174,-0.189,-0.273,0.000,0.000,5733,5008;
74239,0.041,0.921,-0.045,0.186,-0.191,-0.160,-0.182,0.000,-0.510,5747,4994;
74259,0.087,0.880,-0.052,0.096,-0.307,-0.106,-0.182,0.000,-0.510,5759,5048;
74289,0.075,0.906,-0.045,0.021,-0.336,-0.073,-0.182,0.000,-0.510,5788,5037;
74329,0.049,0.963,-0.052,0.021,-0.339,-0.066,0.091,-0.091,-0.204,5777,5013;
74359,0.015,0.921,-0.059,0.146,-0.279,0.011,-0.273,-0.182,-0.102,5820,5047;
74409,0.053,0.929,-0.077,0.125,-0.274,0.066,-0.273,-0.182,-0.102,5790,5031;
74429,0.075,0.914,-0.133,0.101,-0.414,0.147,0.091,0.000,-0.306,5777,5016;
74459,0.068,0.925,-0.133,0.166,-0.548,0.177,0.091,0.000,-0.306,5743,4986;
74479,0.060,0.974,-0.157,0.219,-0.577,0.127,0.091,0.000,-0.306,5722,4966;
74519,0.041,0.985,-0.203,0.119,-0.526,0.067,0.000,-0.091,-0.510,5697,4929;
74582,0.072,0.981,-0.220,0.028,-0.532,0.000,0.000,-0.091,-0.510,5669,4913;
74619,0.102,1.166,-0.272,0.197,-0.577,0.062,0.000,0.091,0.000,5658,4907;
74639,0.075,1.098,-0.328,0.256,-0.642,0.095,0.182,0.000,-0.408,5658,4871;
74669,0.026,1.117,-0.311,0.147,-0.270,0.004,0.182,0.000,-0.408,5632,4867;
74689,-0.034,1.474,-0.094,0.027,-0.110,-0.239,0.182,0.000,-0.408,5572,4859;
74735,-0.173,1.436,0.014,0.168,0.176,-0.339,0.182,0.000,0.102,5528,4870;
74790,-0.181,1.105,-0.077,0.612,0.273,-0.409,0.182,0.000,0.102,5476,4977;
74819,0.203,0.744,0.192,0.069,-0.641,0.059,-0.091,0.091,-0.612,5497,4998;
74849,-0.060,0.884,0.122,0.047,-0.433,0.148,0.000,0.000,0.306,5487,4958;
74869,-0.109,0.933,0.129,-0.090,-0.151,0.172,0.000,0.000,0.306,5465,4992;
74899,-0.087,1.027,0.094,0.028,0.152,0.237,0.000,0.000,0.306,5441,4986;
74952,-0.004,0.970,0.052,0.010,0.299,0.279,0.091,-0.273,0.102,5376,4949;
74989,0.008,0.917,-0.007,-0.113,0.408,0.226,0.091,-0.182,-1.224,5354,4934;
75019,0.026,0.981,-0.021,-0.129,0.517,0.135,0.091,-0.182,-1.224,5344,4939;
75049,0.045,0.963,-0.035,-0.143,0.597,0.089,0.182,0.182,0.000,5331,4933;
75069,0.053,0.955,-0.052,-0.127,0.664,0.070,0.182,0.182,0.000,5319,4909;
75099,0.075,0.978,-0.059,-0.134,0.738,0.091,0.182,0.182,0.000,5313,4888;
75149,0.064,0.974,-0.077,-0.098,0.873,0.051,-0.091,0.000,0.102,5277,4852;
75189,0.136,0.933,-0.126,-0.121,0.822,-0.087,0.000,0.091,-0.918,5243,4829;
75229,0.162,0.921,-0.133,-0.107,0.841,-0.142,0.000,0.091,-0.918,5214,4821;
75259,0.203,0.933,-0.119,-0.095,0.686,-0.136,-0.091,-0.182,-0.102,5199,4772;
75279,0.196,0.929,-0.147,-0.081,0.675,-0.110,-0.091,-0.182,-0.102,5186,4798;
75323,0.199,0.955,-0.133,-0.068,0.520,-0.049,-0.091,-0.182,-0.102,5148,4753;
75369,0.158,0.955,-0.112,-0.006,0.545,0.006,0.091,0.000,-0.102,5103,4708;
75409,0.169,1.068,-0.199,-0.022,0.626,0.000,-0.091,0.182,0.102,5136,4701;
75439,0.245,1.083,-0.168,-0.121,0.725,-0.017,-0.091,0.182,0.102,5178,4730;
75459,0.260,1.139,-0.210,-0.039,0.898,0.027,-0.273,0.091,-0.306,5199,4720;
75489,0.279,1.245,-0.080,-0.059,0.781,0.138,-0.273,0.091,-0.306,5233,4769;
75520,0.320,1.335,-0.084,-0.375,0.447,0.370,-0.273,-0.364,-25.714,5277,4751;
75569,0.327,1.380,-0.028,-0.566,0.016,0.356,-0.182,-0.364,0.408,5371,4665;
75599,-0.102,0.974,0.244,-0.240,-0.007,0.155,-0.091,0.091,1.224,5451,4779;
75639,-0.218,0.805,0.098,-0.093,0.414,-0.070,-0.091,0.091,1.224,5495,4847;
75669,-0.128,0.917,0.035,0.262,0.568,0.028,0.000,-0.091,-0.306,5518,4859;
75689,0.011,1.015,0.010,0.240,0.421,0.104,0.000,-0.091,-0.306,5509,4902;
75719,0.053,1.004,0.038,0.134,0.263,0.121,0.000,-0.091,-0.306,5536,4883;
75769,0.072,0.978,0.021,0.036,0.103,0.042,0.091,0.000,-0.306,5610,4892;
75810,0.075,0.974,0.021,0.100,-0.244,-0.136,0.000,0.000,0.204,5727,4908;
75839,0.094,0.985,-0.007,0.073,-0.322,-0.148,0.000,0.000,0.204,5801,4941;
75869,0.026,0.929,-0.045,0.067,-0.355,-0.144,0.000,-0.182,-0.306,5834,4944;
75889,0.011,0.933,-0.056,0.078,-0.299,-0.132,0.000,-0.182,-0.306,5855,4947;
75922,0.053,0.989,-0.059,0.147,-0.302,-0.110,0.000,-0.182,-0.306,5871,4949;
75979,0.083,0.906,-0.042,0.027,-0.427,-0.038,0.091,0.091,-0.102,5907,4910;
76019,0.064,0.876,-0.108,-0.075,-0.443,0.032,-0.091,0.273,1.122,5921,4942;
76049,0.026,0.880,-0.126,0.029,-0.324,0.066,-0.091,0.273,1.122,5917,4942;
76069,0.056,0.925,-0.143,0.032,-0.340,0.100,-0.182,0.000,-0.612,5893,4923;
76099,0.041,0.944,-0.154,0.021,-0.348,0.079,-0.182,0.000,-0.612,5872,4925;
76149,0.038,0.978,-0.175,-0.058,-0.319,0.027,0.000,-0.091,0.408,5823,4901;
76185,0.053,1.042,-0.185,0.063,-0.182,-0.080,0.000,-0.091,0.408,5824,4918;
76229,0.113,1.072,-0.217,-0.023,-0.378,-0.079,0.091,0.000,-0.510,5787,4912;
76259,0.136,1.158,-0.276,0.231,-0.480,-0.024,0.091,0.000,-0.510,5802,4901;
76279,0.094,1.117,-0.265,0.127,-0.294,-0.025,0.364,-0.273,0.102,5785,4847;
76309,0.015,1.316,-0.091,0.021,0.040,-0.283,0.364,-0.273,0.102,5741,4871;
76359,-0.215,1.339,-0.003,0.358,0.412,-0.390,0.091,0.909,0.000,5682,4911;
76389,-0.128,0.959,-0.024,0.465,0.633,-0.404,0.091,0.909,0.000,5667,4939;
76419,0.136,0.839,0.122,0.181,0.234,-0.120,0.091,-0.818,-1.735,5596,4934;
76449,0.128,0.805,0.129,0.210,-0.161,0.114,0.091,-0.818,-1.735,5562,4931;
76469,0.056,0.929,0.087,0.125,-0.140,0.172,-0.091,0.182,-0.612,5620,4944;
76509,0.008,0.933,0.112,-0.039,-0.025,0.147,-0.091,0.182,-0.612,5615,4937;
76538,-0.011,0.985,0.073,0.053,0.073,0.100,-0.091,0.182,-0.612,5594,4933;
76589,0.023,0.970,0.021,0.061,0.135,0.180,-0.273,0.000,-0.612,5568,4943;
76629,0.004,1.004,0.031,-0.120,0.355,0.118,0.182,-0.727,0.204,5536,4917;
76659,0.008,0.959,-0.007,-0.055,0.449,0.056,0.182,-0.727,0.204,5526,4919;
76679,0.011,0.959,-0.031,-0.016,0.535,0.044,-0.091,0.091,0.102,5498,4919;
76709,0.079,0.978,-0.052,0.034,0.618,0.024,-0.091,0.091,0.102,5458,4906;
76759,0.132,0.966,-0.073,0.011,0.555,0.027,0.000,0.273,0.000,5387,4855;
76800,0.053,0.959,-0.112,-0.028,0.675,0.010,0.000,0.273,0.000,5371,4781;
76839,0.056,0.951,-0.119,-0.021,0.767,-0.035,0.091,-0.091,-0.306,5326,4777;
76869,0.151,0.933,-0.119,-0.052,0.715,-0.072,0.091,-0.091,-0.306,5310,4753;
76889,0.139,0.936,-0.143,-0.152,0.711,-0.125,0.000,0.000,0.102,5301,4722;
76919,0.124,0.933,-0.140,-0.159,0.679,-0.165,0.000,0.000,0.102,5295,4566;
76950,0.139,0.910,-0.136,-0.132,0.660,-0.182,0.000,0.273,0.000,5293,4676;
77014,0.196,0.951,-0.150,-0.123,0.619,-0.169,0.000,0.273,0.000,5279,4676;
77049,0.218,1.075,-0.161,-0.102,0.489,-0.074,-0.182,-0.182,-0.204,5316,4679;
77069,0.211,1.143,-0.210,-0.038,0.686,-0.045,-0.182,-0.182,-0.204,5330,4692;
77099,0.215,1.139,-0.220,0.063,0.772,0.007,0.091,0.000,0.102,5342,4715;
77129,0.222,1.245,-0.168,0.092,0.761,0.164,0.091,0.000,0.102,5358,4732;
77179,0.260,1.312,-0.185,-0.210,0.408,0.466,0.000,0.091,0.204,5424,4756;
77219,0.248,1.215,0.154,-0.452,0.036,0.437,0.000,0.091,0.204,5498,4714;
77249,-0.147,0.801,0.189,-0.211,0.092,0.070,0.000,0.000,-0.204,5666,4779;
77279,-0.226,0.936,0.080,0.036,0.461,0.039,0.000,0.000,-0.204,5645,4839;
77299,-0.199,1.075,0.042,0.239,0.618,0.180,-0.091,-0.091,-0.204,5603,4862;
77329,-0.087,1.049,0.028,0.181,0.642,0.245,-0.091,-0.091,-0.204,5582,4768;
77370,0.041,0.993,0.014,0.055,0.531,0.144,0.000,0.273,-0.408,5592,4866;
77409,0.120,0.970,0.003,0.044,0.157,-0.070,0.000,0.273,-0.408,5621,4888;
77449,0.072,0.985,-0.052,0.154,-0.053,-0.215,0.000,0.364,-0.102,5701,4933;
77479,0.056,0.917,-0.080,0.072,-0.119,-0.187,0.000,0.364,-0.102,5665,4966;
77499,0.049,0.891,-0.077,-0.024,-0.172,-0.183,-0.091,-0.091,-0.510,5826,5000;
77529,0.049,0.910,-0.098,0.022,-0.149,-0.180,-0.091,-0.091,-0.510,5843,5015;
77559,0.079,0.929,-0.059,-0.039,-0.200,-0.160,0.000,-0.273,0.306,5853,5031;
77589,0.094,0.936,-0.101,-0.006,-0.291,-0.136,0.000,-0.273,0.306,5880,5043;
77609,0.068,0.880,-0.136,-0.057,-0.329,-0.089,0.000,-0.273,0.306,5896,5010;
77639,0.064,0.876,-0.133,-0.090,-0.345,-0.028,0.182,0.364,-0.510,5897,5050;
77681,0.064,0.929,-0.154,-0.041,-0.404,0.029,0.182,0.364,-0.510,5874,5020;
77709,0.049,0.914,-0.157,-0.027,-0.517,0.078,-0.091,-0.273,-0.204,5872,5008;
77749,0.038,1.000,-0.185,0.036,-0.478,0.000,-0.091,-0.273,-0.204,5861,4994;
77779,0.030,1.000,-0.185,0.000,-0.395,0.035,0.000,-0.182,0.204,5848,4976;
77828,0.019,1.030,-0.192,-0.004,-0.304,0.047,0.000,-0.182,0.204,5828,4943;
77879,0.120,1.124,-0.293,0.376,-0.515,0.002,0.091,-0.364,0.000,5798,4905;
77899,0.139,1.267,-0.098,-0.023,-0.188,-0.121,0.091,0.273,-0.102,5772,4902;
77929,-0.102,1.527,-0.017,-0.034,0.057,-0.367,0.091,0.273,-0.102,5700,4900;
77959,-0.305,1.512,0.028,0.267,0.290,-0.484,0.091,0.273,-0.102,5694,4932;
77989,-0.252,1.057,0.000,0.671,0.648,-0.457,0.182,-0.545,-0.102,5712,5002;
78050,0.098,0.775,0.101,0.390,0.195,-0.084,0.182,-0.545,-0.102,5646,5044;
78079,0.038,0.940,0.122,0.074,-0.004,0.220,-0.182,0.000,0.102,5645,5020;
78099,-0.064,0.963,0.073,0.084,0.119,0.194,0.182,0.182,-0.204,5645,5002;
78129,0.011,0.978,0.049,0.182,0.161,0.199,0.182,0.182,-0.204,5630,4970;
78159,0.049,0.910,0.024,0.177,0.136,0.158,0.182,0.182,-0.204,5607,4980;
78189,0.023,0.936,0.007,-0.049,0.238,0.140,0.273,-0.636,-1.327,5578,4972;
78219,0.015,0.966,0.000,-0.189,0.357,0.108,0.273,-0.636,-1.327,5556,4956;
78259,0.008,0.966,0.014,-0.100,0.385,0.000,-0.091,0.364,1.429,5453,4885;
78289,0.056,0.974,-0.042,-0.038,0.370,-0.008,-0.091,0.364,1.429,5469,4930;
78319,0.113,0.981,-0.094,-0.040,0.358,0.022,0.000,0.182,0.102,5448,4910;
78339,0.087,0.966,-0.101,-0.040,0.425,0.016,0.000,0.182,0.102,5360,4861;
78369,0.072,0.933,-0.108,-0.072,0.433,-0.035,0.000,0.182,0.102,5377,4840;
78389,0.072,0.933,-0.112,-0.107,0.480,-0.089,-0.091,0.091,-0.612,5380,4830;
78419,0.102,0.963,-0.119,-0.135,0.555,-0.132,-0.091,0.091,-0.612,5298,4726;
78449,0.136,0.966,-0.122,-0.142,0.613,-0.160,-0.273,-0.727,1.122,5321,4808;
78489,0.105,0.936,-0.129,-0.163,0.669,-0.191,-0.273,-0.727,1.122,5339,4812;
78519,0.162,0.929,-0.133,-0.131,0.692,-0.170,0.182,0.000,-0.306,5361,4802;
78539,0.151,0.944,-0.112,-0.203,0.758,-0.153,0.182,0.000,-0.306,5306,4789;
78569,0.147,0.978,-0.126,-0.199,0.805,-0.134,0.182,0.000,-0.306,5332,4782;
78631,0.177,1.023,-0.168,-0.081,0.834,-0.110,-0.091,-1.091,-1.735,5338,4757;
78666,0.260,1.030,-0.199,-0.206,0.748,-0.064,0.182,-0.455,0.000,5344,4783;
78699,0.154,1.132,-0.251,-0.041,0.847,0.015,0.182,-0.455,0.000,5389,4843;
78729,0.222,1.391,-0.045,-0.380,0.340,0.339,0.182,0.000,0.000,5398,4837;
78749,0.260,1.436,0.000,-0.556,0.328,0.546,0.182,0.000,0.000,5394,4796;
78779,0.237,1.290,0.161,-0.506,-0.178,0.374,0.182,0.000,0.000,5535,4692;
78826,0.004,1.068,0.210,-0.295,-0.336,0.223,0.182,0.000,-0.204,5648,4713;
78879,-0.120,0.921,0.122,0.069,0.222,-0.007,-0.091,0.364,-0.102,5640,4804;
78909,-0.083,0.959,0.080,0.100,0.263,0.059,-0.091,0.364,-0.102,5637,4814;
78929,-0.087,0.966,0.045,0.076,0.318,0.061,-0.091,0.091,0.102,5646,4811;
78959,-0.049,0.989,0.007,0.113,0.333,0.029,-0.091,0.091,0.102,5618,4816;
78989,0.004,1.000,0.017,0.106,0.140,-0.089,0.000,-0.091,0.612,5720,4851;
79032,0.049,0.996,0.017,0.197,-0.066,-0.195,0.000,-0.091,0.612,5767,4909;
79079,0.049,0.925,-0.014,0.033,-0.310,-0.157,-0.091,-0.091,0.000,5857,4952;
79099,0.030,0.940,-0.038,0.033,-0.397,-0.126,-0.091,-0.091,0.000,5906,4973;
79129,0.004,0.929,-0.021,-0.019,-0.397,-0.110,0.091,0.000,0.102,5940,4984;
79159,-0.004,0.948,-0.028,-0.004,-0.389,-0.074,0.091,0.000,0.102,5918,5008;
79189,-0.015,0.929,-0.042,-0.001,-0.300,-0.044,-0.182,-0.182,-0.102,5986,5020;
79240,0.023,0.940,-0.084,0.024,-0.272,0.008,-0.182,-0.182,-0.102,5988,5016;
79279,0.026,0.925,-0.084,-0.030,-0.323,0.067,0.182,0.000,0.000,5945,5001;
79299,-0.004,0.940,-0.112,0.076,-0.257,0.078,0.182,0.000,0.000,5928,4997;
79329,-0.004,0.970,-0.129,0.140,-0.227,0.092,0.000,-0.273,-0.102,5894,4984;
79349,0.026,0.974,-0.150,0.112,-0.237,0.104,0.000,-0.273,-0.102,5873,4930;
79379,0.034,0.978,-0.182,0.062,-0.217,0.096,0.000,-0.273,-0.102,5827,4947;
79433,0.049,1.000,-0.217,0.056,-0.239,0.053,-0.182,0.000,0.000,5840,4911;
79489,0.060,1.090,-0.255,0.137,-0.340,0.090,0.182,0.091,-0.204,5804,4877;
79519,0.113,1.064,-0.325,0.107,-0.289,0.069,0.182,0.091,-0.204,5795,4867;
79539,0.015,1.369,-0.028,-0.113,0.005,-0.147,0.000,-0.091,0.000,5742,4846;
79569,-0.207,1.440,0.003,0.039,0.364,-0.288,0.000,-0.091,0.000,5663,4848;
79599,-0.241,1.301,0.021,0.278,0.438,-0.441,0.000,0.182,-0.204,5673,4863;
79646,-0.109,1.008,-0.087,0.713,0.420,-0.397,0.000,0.182,-0.204,5671,4920;
79689,0.177,0.835,0.042,0.223,-0.127,0.030,-0.091,-0.091,0.102,5626,4902;
79719,0.045,1.000,0.199,-0.104,-0.273,0.154,-0.091,-0.091,0.102,5624,4882;
79739,-0.120,0.970,0.175,-0.134,-0.112,0.155,-0.182,0.364,-0.408,5628,4873;
79779,-0.162,0.944,0.094,0.025,0.295,0.164,-0.182,0.364,-0.408,5594,4883;
79799,-0.060,0.914,0.077,0.055,0.489,0.183,0.091,0.364,0.204,5551,4884;
79829,0.045,0.996,0.035,0.027,0.647,0.212,0.091,0.364,0.204,5514,4873;
79889,0.109,1.004,0.035,-0.005,0.563,0.181,0.182,-0.182,0.102,5432,4829;
79919,0.049,0.936,-0.052,-0.028,0.537,0.042,0.182,-0.182,0.102,5464,4852;
79939,0.113,0.940,-0.066,-0.064,0.533,0.045,-0.182,0.000,0.102,5447,4843;
79969,0.139,0.948,-0.063,-0.078,0.420,0.035,-0.182,0.000,0.102,5444,4792;
79999,0.120,0.955,-0.112,-0.068,0.347,0.034,-0.182,0.000,0.102,5436,4812;
80047,0.102,0.966,-0.108,-0.025,0.357,-0.011,-0.091,0.000,0.306,5411,4786;
80089,0.041,0.959,-0.108,-0.106,0.580,-0.109,0.091,0.091,0.102,5336,4768;
80119,0.064,0.910,-0.129,-0.030,0.773,-0.170,0.091,0.091,0.102,5347,4766;
80149,0.181,0.944,-0.154,0.046,0.779,-0.141,0.000,0.000,0.204,5337,4742;
80169,0.181,0.963,-0.143,-0.057,0.803,-0.097,0.000,0.000,0.204,5327,4669;
80209,0.139,0.951,-0.119,-0.222,0.881,-0.067,0.000,0.000,0.204,5339,4685;
80256,0.158,0.989,-0.122,-0.296,0.897,-0.070,-0.273,-0.273,-0.204,5329,4665;
80289,0.267,1.136,-0.182,-0.027,1.072,-0.061,0.000,-0.182,0.102,5266,4681;
80319,0.290,1.090,-0.185,0.050,0.922,-0.030,0.000,-0.182,0.102,5329,4703;
80339,0.245,1.064,-0.210,0.148,0.849,0.019,0.000,-0.182,0.102,5354,4730;
80369,0.211,1.297,-0.126,-0.175,0.540,0.321,0.091,-0.091,0.408,5399,4771;
80409,0.151,1.463,-0.108,-0.329,0.476,0.334,0.091,-0.091,0.408,5503,4788;
80465,0.147,1.154,0.353,-0.313,-0.083,0.307,-0.091,-0.091,-0.306,5571,4712;
80509,-0.181,0.921,0.108,0.172,0.361,0.152,0.091,0.091,-0.204,5599,4735;
80539,-0.060,0.820,0.021,0.183,0.357,0.025,0.091,0.091,-0.204,5660,4791;
80559,-0.011,0.876,0.021,0.126,0.311,0.029,-0.091,0.091,-0.306,5643,4698;
80599,0.064,0.940,0.035,0.086,0.161,0.016,-0.091,0.091,-0.306,5694,4798;
80619,0.026,0.966,0.035,0.039,0.030,-0.002,0.273,0.091,-0.102,5714,4809;
80676,0.011,0.996,0.014,0.138,-0.081,-0.056,0.273,0.091,-0.102,5737,4827;
80719,0.023,0.940,-0.017,-0.024,-0.134,-0.102,0.000,0.091,-0.102,5783,4873;
80749,0.072,0.959,-0.091,0.045,-0.138,-0.100,0.000,0.091,-0.102,5799,4877;
80779,0.094,0.963,-0.101,0.085,-0.148,-0.072,0.182,0.182,0.408,5788,4871;
80809,0.094,0.948,-0.105,0.070,-0.172,-0.091,0.182,0.182,0.408,5774,4864;
80829,0.072,0.917,-0.133,0.051,-0.233,-0.064,0.091,0.182,-0.102,5761,4853;
80885,0.087,0.899,-0.126,0.103,-0.266,0.025,0.091,0.182,-0.102,5729,4840;
80929,0.079,0.936,-0.185,0.108,-0.460,0.144,0.000,-0.273,-0.612,5721,4836;
80959,0.049,0.906,-0.157,0.047,-0.562,0.146,0.000,-0.273,-0.612,5713,4832;
80989,-0.004,0.966,-0.129,0.090,-0.387,0.063,-0.091,-0.091,-0.510,5699,4792;
81019,-0.015,0.981,-0.178,0.047,-0.321,0.018,-0.091,-0.091,-0.510,5698,4832;
81053,0.026,0.959,-0.203,-0.040,-0.408,0.002,-0.091,0.091,-0.510,5688,4827;
81088,0.041,1.038,-0.203,0.127,-0.398,-0.022,-0.091,0.091,-0.510,5647,4807;
81129,0.136,1.128,-0.321,0.182,-0.449,0.074,0.182,0.545,1.224,5649,4796;
81159,0.124,1.147,-0.293,0.064,-0.325,-0.002,0.182,0.545,1.224,5637,4773;
81179,0.000,1.421,-0.147,0.016,-0.152,-0.206,-0.091,0.091,0.102,5589,4741;
81209,-0.173,1.342,-0.052,0.237,0.131,-0.266,-0.091,0.091,0.102,5529,4764;
81239,-0.215,1.233,-0.077,0.322,0.176,-0.378,0.091,-0.091,0.102,5561,4782;
81297,-0.162,0.925,-0.031,0.368,0.531,-0.208,0.091,-0.091,0.102,5516,4804;
81329,0.105,0.891,0.070,0.175,0.033,0.138,0.091,0.273,-0.102,5489,4817;
81349,0.072,0.996,0.108,0.078,-0.027,0.153,0.091,0.273,-0.102,5470,4820;
81379,0.019,0.966,0.098,0.070,-0.006,0.163,-0.091,0.000,-0.204,5453,4807;
81409,-0.004,0.940,0.014,0.138,0.086,0.165,-0.091,0.000,-0.204,5404,4807;
81439,-0.004,0.936,0.007,0.109,0.120,0.166,0.091,-0.091,0.204,5337,4799;
81494,0.004,0.959,-0.028,-0.059,0.295,0.197,0.091,-0.091,0.204,5391,4734;
81519,-0.023,0.936,-0.038,-0.069,0.516,0.068,-0.091,-0.545,-0.816,5341,4754;
81549,0.034,0.974,-0.070,-0.106,0.539,0.018,-0.091,-0.545,-0.816,5391,4767;
81579,0.094,0.959,-0.094,-0.081,0.551,0.019,0.273,-0.091,-0.306,5363,4760;
81609,0.132,0.929,-0.112,-0.092,0.578,-0.007,0.273,-0.091,-0.306,5383,4709;
81629,0.154,0.940,-0.126,-0.181,0.537,-0.044,0.273,-0.091,-0.306,5382,4739;
81683,0.113,0.951,-0.140,-0.248,0.498,-0.068,0.273,-0.091,-0.306,5375,4720;
81729,0.098,0.955,-0.168,-0.191,0.620,-0.106,-0.091,0.091,-0.102,5322,4697;
81749,0.087,0.925,-0.185,-0.191,0.761,-0.147,-0.091,0.091,-0.102,5358,4684;
81789,0.147,0.944,-0.140,-0.187,0.716,-0.149,-0.091,-0.273,-0.408,5341,4665;
81809,0.177,0.955,-0.133,-0.127,0.709,-0.146,-0.091,-0.273,-0.408,5327,4619;
81839,0.151,0.902,-0.161,-0.168,0.738,-0.104,-0.091,-0.273,-0.408,5325,4670;
81859,0.169,0.936,-0.136,-0.256,0.658,-0.039,-0.182,0.000,0.102,5290,4657;
81929,0.181,0.996,-0.164,-0.199,0.895,-0.042,0.091,0.273,-1.837,5315,4606;
81959,0.169,1.064,-0.206,-0.140,1.062,-0.136,0.091,0.273,-1.837,5367,4698;
81979,0.199,1.113,-0.213,-0.047,1.065,-0.109,0.000,-0.182,-0.204,5379,4768;
82009,0.263,1.293,-0.112,-0.086,0.858,0.040,0.000,-0.182,-0.204,5399,4725;
82039,0.215,1.455,-0.185,-0.413,0.577,0.374,0.000,-0.182,-0.204,5469,4769;
82069,0.222,1.331,-0.038,-0.549,0.420,0.231,0.091,0.000,-0.306,5535,4747;
82109,0.087,1.124,0.335,-0.378,-0.036,0.262,0.091,0.000,-0.306,5579,4746;
82139,-0.192,0.948,0.154,0.051,0.203,-0.036,-0.091,-0.091,-0.204,5626,4754;
82169,-0.237,0.951,0.143,0.183,0.370,-0.002,-0.091,-0.091,-0.204,5636,4768;
82199,-0.215,0.993,0.052,0.211,0.506,0.005,-0.091,-0.182,-0.102,5614,4794;
82229,-0.087,0.917,0.035,0.310,0.641,0.012,-0.091,-0.182,-0.102,5616,4814;
82249,0.038,0.880,0.003,0.055,0.466,0.021,0.091,-0.182,-0.714,5639,4822;
82279,0.041,0.948,0.003,-0.080,0.270,-0.049,0.091,-0.182,-0.714,5608,4821;
82299,0.034,1.068,0.063,0.152,0.097,-0.147,0.091,-0.182,-0.714,5626,4851;
82329,-0.011,1.023,0.049,0.250,-0.002,-0.165,0.000,0.000,-0.204,5658,4856;
82369,-0.008,0.936,-0.014,0.174,-0.059,-0.148,0.000,0.000,-0.204,5704,4904;
82409,-0.019,0.929,-0.045,0.083,-0.083,-0.129,0.182,1.000,-0.510,5741,4948;
82429,0.023,0.981,-0.017,0.126,-0.087,-0.072,0.182,1.000,-0.510,5724,4964;
82459,0.023,0.940,-0.073,0.064,-0.118,-0.039,-0.091,-0.091,-0.204,5760,4968;
82489,0.004,0.951,-0.087,0.129,-0.095,-0.038,-0.091,-0.091,-0.204,5756,4960;
82549,0.034,0.933,-0.112,0.288,-0.221,0.102,0.182,-0.455,-0.204,5715,4945;
82579,0.079,0.951,-0.115,0.220,-0.444,0.229,0.182,-0.455,-0.204,5740,4928;
82609,0.011,0.985,-0.161,0.276,-0.487,0.214,0.091,0.091,-0.714,5714,4927;
82639,0.049,1.038,-0.189,0.300,-0.480,0.219,0.091,0.091,-0.714,5688,4909;
82674,0.117,1.004,-0.157,0.120,-0.520,0.234,0.182,0.091,-0.102,5688,4913;
82729,0.064,0.959,-0.154,0.002,-0.582,0.092,0.091,0.000,0.000,5710,4912;
82759,0.049,0.951,-0.192,0.076,-0.624,0.135,0.091,0.000,0.000,5714,4917;
82789,0.109,0.944,-0.168,-0.035,-0.517,0.144,0.091,0.000,0.000,5671,4895;
82819,0.098,1.083,-0.024,-0.327,-0.447,0.019,-0.182,0.000,-0.306,5652,4871;
82849,-0.124,1.286,0.021,-0.193,-0.110,-0.136,-0.182,0.000,-0.306,5572,4869;
82879,-0.184,1.414,0.007,0.151,-0.035,-0.307,0.000,0.091,-0.204,5562,4866;
82909,-0.075,1.060,-0.087,0.460,0.024,-0.114,0.000,0.091,-0.204,5523,4898;
82929,0.094,0.876,-0.077,0.141,-0.146,0.032,0.091,0.091,-0.204,5544,4900;
82959,0.072,0.854,-0.038,-0.117,-0.080,0.053,0.091,0.091,-0.204,5543,4888;
82992,0.026,0.921,-0.021,-0.168,0.025,0.059,0.091,0.091,-0.204,5530,4868;
83029,0.087,1.030,-0.007,-0.018,-0.047,0.015,0.000,-0.909,-0.816,5522,4873;
83059,0.098,0.985,-0.021,0.016,-0.091,-0.041,0.000,-0.909,-0.816,5534,4872;
83099,0.045,0.978,-0.003,-0.097,-0.080,-0.041,-0.091,0.000,-0.102,5504,4866;
83129,-0.019,1.030,0.007,-0.097,0.030,-0.016,-0.091,0.000,-0.102,5495,4869;
83149,-0.049,1.015,0.007,-0.039,0.100,-0.039,0.091,0.091,-0.204,5425,4874;
83201,-0.008,1.000,-0.010,-0.021,0.148,-0.051,0.091,0.091,-0.204,5445,4878;
83249,0.068,0.978,-0.024,-0.131,0.115,0.019,-0.091,0.000,-0.102,5392,4866;
83290,0.041,1.008,-0.010,-0.070,0.072,-0.004,-0.182,-0.727,-0.408,5449,4849;
83329,-0.008,1.004,-0.021,-0.083,0.109,-0.029,-0.182,-0.727,-0.408,5438,4845;
83349,0.034,1.023,-0.014,-0.102,0.161,-0.018,0.091,0.000,-0.204,5459,4852;
83389,0.023,1.011,-0.017,-0.095,0.200,-0.013,0.091,0.000,-0.204,5456,4866;
83429,0.011,1.011,-0.010,-0.106,0.216,-0.004,-0.273,0.000,0.204,5461,4846;
83459,0.019,1.019,-0.031,-0.058,0.244,0.002,-0.273,0.000,0.204,5459,4846;
83489,0.030,0.996,-0.035,-0.050,0.226,0.012,-0.091,0.182,0.000,5452,4852;
83529,0.034,1.008,-0.045,-0.072,0.214,0.011,-0.091,0.182,0.000,5463,4860;
83559,0.015,0.996,-0.035,-0.081,0.242,-0.001,-0.091,0.000,-0.306,5466,4838;
83579,0.023,0.989,-0.035,-0.070,0.257,-0.011,-0.091,0.000,-0.306,5465,4847;
83619,0.026,0.996,-0.066,-0.035,0.266,-0.019,0.182,0.364,-0.510,5464,4859;
83659,0.026,1.008,-0.073,0.005,0.293,-0.021,0.182,0.364,-0.510,5430,4816;
83699,0.049,1.023,-0.070,-0.005,0.307,-0.012,-0.091,0.182,-0.306,5458,4857;
83729,0.053,1.042,-0.059,0.024,0.250,0.000,-0.091,0.182,-0.306,5471,4856;
83759,0.034,0.989,-0.059,0.002,0.233,0.006,-0.091,-0.182,-0.204,5485,4818;
83779,0.023,1.008,-0.049,0.018,0.220,0.002,-0.091,-0.182,-0.204,5452,4848;
83819,0.019,1.023,-0.077,0.041,0.276,0.040,0.000,-0.091,-0.204,5484,4842;
83849,0.056,0.996,-0.070,0.032,0.272,0.050,0.000,-0.091,-0.204,5466,4842;
83879,0.079,0.993,-0.070,0.021,0.214,0.039,0.000,-0.091,-0.204,5491,4832;
83919,0.060,1.004,-0.084,0.029,0.172,0.042,-0.091,0.182,0.102,5490,4824;
83949,0.049,1.008,-0.070,0.032,0.160,0.035,0.091,0.273,0.612,5502,4844;
83969,0.034,1.004,-0.080,0.025,0.183,0.032,0.091,0.273,0.612,5450,4842;
83999,0.038,1.008,-0.038,0.030,0.182,0.029,0.091,0.273,0.612,5487,4835;
84039,0.041,0.993,-0.063,0.032,0.161,0.034,-0.182,0.091,0.408,5479,4829;
84069,0.038,1.004,-0.056,0.033,0.153,0.028,-0.182,0.091,0.408,5501,4804;
84110,0.038,0.993,-0.063,0.004,0.153,0.027,0.000,0.909,0.918,5479,4837;
84139,0.045,1.008,-0.066,0.000,0.140,0.016,0.000,0.909,0.918,5499,4846;
84169,0.045,1.004,-0.063,0.000,0.143,0.013,0.091,0.273,-0.204,5503,4808;
84199,0.045,0.993,-0.052,0.002,0.142,0.013,0.091,0.273,-0.204,5326,4846;
84229,0.053,1.004,-0.080,0.005,0.159,0.015,0.091,0.091,0.102,5473,4819;
84259,0.045,1.004,-0.063,-0.002,0.170,0.019,0.091,0.091,0.102,5440,4800;
84285,0.056,1.008,-0.049,0.038,0.147,0.008,0.091,0.091,0.102,5404,4839;
84349,0.038,1.000,-0.084,0.013,0.148,0.025,0.000,0.000,0.306,5483,4817;
84379,0.041,0.996,-0.070,0.016,0.161,0.015,0.182,0.091,-1.429,5281,4740;
84409,0.056,1.004,-0.052,0.019,0.170,0.012,0.182,0.091,-1.429,5486,4840;
