23880,0.184,0.974,0.143,-0.019,-0.108,-0.089,0.000,-0.182,-0.408,5546,4932;
23882,0.192,0.985,0.150,-0.022,-0.107,-0.092,0.000,0.182,-0.204,5542,4927;
23886,0.192,0.985,0.150,-0.024,-0.112,-0.093,0.000,0.182,-0.204,5542,4927;
23887,0.188,0.993,0.154,-0.029,-0.115,-0.095,0.000,0.182,-0.204,5536,4928;
23888,0.188,0.989,0.147,-0.030,-0.110,-0.090,-0.091,-0.182,1.224,5542,4925;
23906,0.188,0.981,0.150,-0.027,-0.115,-0.092,-0.091,-0.182,1.224,5531,4910;
23936,0.188,0.996,0.157,-0.018,-0.113,-0.091,0.091,1.182,1.633,5549,4926;
23966,0.184,0.978,0.143,-0.021,-0.120,-0.091,0.091,1.182,1.633,5547,4930;
23996,0.184,0.993,0.150,-0.025,-0.119,-0.095,0.182,-0.091,-0.408,5551,4921;
24026,0.188,0.996,0.168,-0.028,-0.120,-0.093,0.182,-0.091,-0.408,5551,4938;
24046,0.192,0.989,0.150,-0.006,-0.114,-0.096,0.182,-0.091,-0.408,5545,4937;
24076,0.184,0.981,0.143,-0.012,-0.119,-0.097,0.091,-1.091,-2.041,5551,4939;
24106,0.188,0.993,0.150,-0.030,-0.121,-0.093,0.091,-1.091,-2.041,5548,4939;
24136,0.192,0.989,0.143,-0.027,-0.118,-0.096,0.091,-0.091,-0.306,5553,4940;
24166,0.188,0.989,0.150,-0.022,-0.113,-0.092,0.091,-0.091,-0.306,5553,4937;
24196,0.188,0.993,0.150,-0.021,-0.109,-0.091,-0.182,-0.091,-0.306,5554,4940;
24216,0.184,0.989,0.150,-0.022,-0.117,-0.093,-0.182,-0.091,-0.306,5548,4941;
24246,0.184,0.989,0.150,-0.018,-0.108,-0.095,-0.182,-0.091,-0.306,5554,4934;
24276,0.192,0.985,0.154,-0.017,-0.107,-0.096,0.091,-0.182,-0.306,5553,4941;
24306,0.184,0.989,0.154,-0.013,-0.098,-0.091,0.091,-0.182,-0.306,5553,4944;
24336,0.184,0.985,0.150,-0.023,-0.098,-0.091,-0.182,0.182,-0.204,5552,4944;
24366,0.192,0.985,0.147,-0.023,-0.097,-0.092,-0.182,0.182,-0.204,5550,4943;
24386,0.196,1.000,0.161,-0.024,-0.089,-0.098,-0.182,0.182,-0.204,5547,4943;
24416,0.188,0.989,0.147,-0.025,-0.084,-0.091,0.091,0.091,-0.102,5549,4942;
24436,0.184,0.989,0.147,-0.032,-0.083,-0.091,0.091,0.091,-0.102,5548,4941;
24466,0.192,0.985,0.147,-0.036,-0.090,-0.087,-0.182,0.273,0.306,5548,4939;
24506,0.192,0.981,0.154,-0.036,-0.086,-0.090,-0.182,0.273,0.306,5545,4938;
24526,0.196,0.989,0.150,-0.041,-0.095,-0.089,-0.182,0.273,0.306,5545,4936;
24556,0.196,0.993,0.150,-0.015,-0.127,-0.089,0.273,-0.091,-0.306,5540,4918;
24586,0.199,0.989,0.150,-0.038,-0.117,-0.087,0.273,-0.091,-0.306,5544,4918;
24616,0.192,0.989,0.143,-0.051,-0.100,-0.100,-0.182,-0.182,-0.102,5546,4915;
24636,0.188,0.993,0.147,-0.027,-0.092,-0.097,-0.182,-0.182,-0.102,5545,4909;
24666,0.181,0.993,0.143,-0.017,-0.087,-0.100,-0.182,-0.182,-0.102,5540,4904;
24696,0.181,0.985,0.140,-0.032,-0.087,-0.100,0.000,0.182,-0.102,5547,4896;
24726,0.188,0.985,0.143,-0.038,-0.087,-0.101,0.000,0.182,-0.102,5545,4894;
24746,0.184,0.989,0.147,-0.029,-0.076,-0.107,-0.091,0.091,0.000,5542,4892;
24786,0.188,0.993,0.140,-0.016,-0.083,-0.114,-0.091,0.091,0.000,5540,4887;
24806,0.196,0.989,0.133,-0.008,-0.101,-0.114,0.000,-0.091,-0.306,5537,4886;
24836,0.192,0.978,0.133,-0.028,-0.083,-0.110,0.000,-0.091,-0.306,5536,4885;
24856,0.192,0.993,0.140,-0.021,-0.100,-0.109,0.000,-0.091,-0.306,5534,4878;
24886,0.181,0.989,0.133,-0.033,-0.079,-0.106,0.091,0.273,-0.204,5533,4884;
24916,0.192,0.993,0.140,-0.029,-0.097,-0.109,0.091,0.273,-0.204,5531,4885;
24936,0.184,0.985,0.140,-0.055,-0.066,-0.107,-0.182,-0.091,-0.510,5526,4889;
24966,0.188,1.004,0.154,-0.044,-0.103,-0.093,-0.182,-0.091,-0.510,5529,4884;
24996,0.184,0.989,0.161,-0.045,-0.106,-0.089,-0.182,-0.091,-0.510,5529,4898;
25026,0.192,0.993,0.157,-0.016,-0.131,-0.101,0.091,-0.091,-0.408,5528,4903;
25046,0.184,0.985,0.147,-0.004,-0.142,-0.119,0.091,-0.091,-0.408,5527,4905;
25076,0.184,0.981,0.140,-0.016,-0.157,-0.118,0.091,0.091,0.000,5518,4907;
25106,0.181,0.978,0.150,-0.051,-0.159,-0.112,0.091,0.091,0.000,5523,4914;
25126,0.184,0.989,0.154,-0.044,-0.176,-0.123,0.091,0.091,0.000,5522,4918;
25156,0.188,0.978,0.150,-0.070,-0.172,-0.114,0.091,0.091,-0.306,5523,4918;
25196,0.184,0.981,0.140,-0.090,-0.171,-0.118,0.091,0.091,-0.306,5523,4918;
25216,0.188,0.989,0.147,-0.106,-0.172,-0.114,-0.091,0.000,-0.306,5523,4925;
25236,0.177,0.985,0.154,-0.106,-0.134,-0.110,-0.091,0.000,-0.306,5523,4927;
25266,0.169,0.985,0.161,-0.102,-0.123,-0.109,-0.091,0.000,-0.306,5523,4921;
25296,0.169,0.993,0.143,-0.098,-0.121,-0.107,0.091,0.091,0.408,5520,4927;
25326,0.184,1.000,0.157,-0.103,-0.108,-0.112,0.091,0.091,0.408,5520,4928;
25356,0.188,0.993,0.147,-0.095,-0.097,-0.112,0.091,-0.091,-0.204,5520,4928;
25386,0.184,0.985,0.147,-0.097,-0.092,-0.104,0.091,-0.091,-0.204,5509,4925;
25406,0.188,0.993,0.154,-0.120,-0.091,-0.104,0.091,-0.091,-0.204,5519,4931;
25436,0.188,0.981,0.147,-0.129,-0.079,-0.104,0.091,0.000,-0.918,5518,4933;
25456,0.188,0.993,0.143,-0.127,-0.074,-0.107,0.091,0.000,-0.918,5519,4937;
25486,0.184,0.993,0.143,-0.129,-0.067,-0.110,0.091,-0.091,-0.408,5513,4938;
25516,0.192,0.985,0.171,-0.214,-0.187,-0.102,0.091,-0.091,-0.408,5524,4943;
25546,0.166,0.959,0.210,-0.301,-0.141,-0.123,0.091,-0.091,-0.408,5526,4942;
25566,0.230,0.944,0.210,-0.358,-0.175,-0.140,0.091,0.000,-0.204,5523,4935;
25596,0.218,0.963,0.196,-0.380,-0.187,-0.132,0.091,0.000,-0.204,5525,4932;
25626,0.166,0.996,0.196,-0.297,-0.200,-0.119,0.182,-0.364,-0.306,5528,4928;
25646,0.124,0.902,0.206,-0.374,-0.067,-0.113,0.182,-0.364,-0.306,5525,4924;
25676,0.120,0.933,0.196,-0.328,-0.007,-0.101,0.182,-0.364,-0.306,5520,4922;
25706,0.124,1.049,0.150,-0.192,-0.023,-0.075,-0.182,0.091,-0.306,5516,4921;
25736,0.090,1.113,0.157,-0.004,-0.032,-0.087,-0.182,0.091,-0.306,5513,4924;
25756,0.087,1.083,0.171,0.132,0.024,-0.154,0.000,-0.091,-0.306,5511,4927;
25786,0.102,1.053,0.203,0.140,0.129,-0.225,0.000,-0.091,-0.306,5497,4923;
25816,0.075,1.011,0.210,0.119,0.202,-0.278,0.000,-0.091,-0.306,5478,4930;
25836,0.109,1.015,0.220,0.148,0.262,-0.311,0.000,-0.091,-0.204,5448,4927;
25866,0.102,0.989,0.206,0.159,0.199,-0.294,0.000,-0.091,-0.204,5416,4921;
25896,0.083,0.966,0.213,0.129,0.177,-0.280,0.091,-0.273,-0.612,5373,4908;
25926,0.090,1.004,0.217,0.182,0.095,-0.306,0.091,-0.273,-0.612,5313,4891;
25956,0.087,0.996,0.171,0.199,0.092,-0.291,0.091,-0.273,-0.612,5274,4875;
25976,0.094,0.985,0.161,0.217,0.012,-0.239,-0.182,0.091,-0.204,5234,4857;
26006,0.087,0.981,0.164,0.203,-0.012,-0.191,-0.182,0.091,-0.204,5182,4816;
26036,0.083,0.951,0.122,0.210,-0.008,-0.140,0.091,0.273,-0.510,5153,4822;
26066,0.072,0.966,0.122,0.248,-0.038,-0.083,0.091,0.273,-0.510,5141,4810;
26086,0.060,0.955,0.087,0.228,0.002,-0.040,0.091,0.273,-0.510,5130,4791;
26116,0.072,0.955,0.084,0.227,-0.053,-0.004,-0.182,0.091,0.204,5069,4792;
26146,0.041,0.959,0.049,0.134,-0.056,0.007,-0.182,0.091,0.204,5107,4792;
26166,0.053,0.989,0.066,0.115,-0.038,0.041,0.000,-0.091,-0.408,5103,4789;
26206,0.034,1.023,0.042,0.117,-0.069,0.085,0.000,-0.091,-0.408,5102,4789;
26226,0.023,1.023,0.024,0.008,-0.115,0.090,0.091,0.000,-0.408,5111,4796;
26256,0.038,1.045,0.017,-0.033,-0.181,0.085,0.091,0.000,-0.408,5127,4803;
26276,0.049,1.027,0.003,-0.068,-0.189,0.081,0.091,0.000,-0.408,5154,4816;
26306,0.038,1.004,0.007,-0.185,-0.211,0.057,-0.091,0.091,-0.816,5172,4834;
26336,0.045,1.011,-0.014,-0.322,-0.302,0.047,-0.091,0.091,-0.816,5244,4862;
26366,0.011,1.057,0.007,-0.299,-0.299,0.036,0.000,0.091,-0.408,5299,4872;
26386,-0.026,1.094,0.035,-0.251,-0.260,0.016,0.000,0.091,-0.408,5342,4878;
26416,0.000,1.087,0.133,-0.362,-0.118,-0.092,0.000,0.091,-0.408,5383,4876;
26446,-0.008,1.207,0.178,-0.198,-0.028,-0.246,-0.091,0.000,-0.204,5423,4863;
26476,0.109,1.241,0.321,-0.008,-0.049,-0.450,-0.091,0.000,-0.204,5448,4852;
26496,0.358,1.045,0.234,0.283,-0.516,-0.389,-0.091,0.182,0.102,5446,4833;
26526,0.361,0.782,0.321,-0.074,-0.618,-0.228,-0.091,0.182,0.102,5430,4801;
26556,0.312,0.726,0.356,-0.270,-0.677,-0.165,-0.091,0.182,0.102,5490,4748;
26586,0.245,0.850,0.314,-0.231,-0.620,-0.130,-0.091,0.091,-0.306,5519,4698;
26616,0.211,0.955,0.286,-0.129,-0.482,-0.073,-0.091,0.091,-0.306,5538,4646;
26636,0.151,1.011,0.269,-0.098,-0.338,-0.047,0.000,0.091,-0.204,5554,4615;
26666,0.162,1.075,0.213,0.084,-0.254,0.010,0.000,0.091,-0.204,5555,4598;
26696,0.207,1.087,0.251,-0.028,-0.121,0.125,0.000,0.091,-0.204,5546,4582;
26716,0.237,1.049,0.265,0.359,-0.155,0.168,0.000,0.091,-0.204,5528,4540;
26746,0.290,0.940,0.227,0.364,-0.104,0.147,0.000,0.091,-0.204,5487,4498;
26776,0.275,0.899,0.161,0.290,-0.172,0.166,-0.182,0.000,-0.102,5439,4470;
26796,0.237,0.910,0.217,0.103,-0.124,0.272,-0.182,0.000,-0.102,5387,4443;
26826,0.166,0.925,0.189,0.032,-0.002,0.304,-0.182,0.000,-0.102,5357,4423;
26856,0.117,0.974,0.140,0.100,0.107,0.250,-0.091,0.000,-0.816,5335,4395;
26886,0.192,0.966,0.105,0.228,0.406,0.195,-0.091,0.000,-0.816,5312,4372;
26916,0.252,1.015,0.094,0.130,-0.040,0.153,0.182,0.091,-0.204,5281,4351;
26946,0.252,0.944,0.091,0.101,0.107,0.135,0.182,0.091,-0.204,5261,4340;
26966,0.199,0.944,0.049,0.011,0.103,0.097,0.182,0.091,-0.204,5243,4326;
27006,0.226,0.951,0.035,0.024,0.027,0.040,0.091,0.182,0.612,5237,4308;
27026,0.226,0.944,0.007,0.067,0.090,-0.050,0.091,0.182,0.612,5244,4302;
27056,0.173,0.884,0.024,-0.049,0.205,-0.064,-0.182,0.091,-0.102,5253,4302;
27076,0.188,0.910,0.056,-0.120,0.192,-0.110,-0.182,0.091,-0.102,5266,4302;
27106,0.203,0.940,0.038,-0.171,0.240,-0.143,-0.182,0.091,-0.102,5282,4303;
27136,0.215,1.011,0.031,-0.171,0.308,-0.136,-0.091,0.273,-0.204,5306,4313;
27156,0.192,1.030,0.049,-0.121,0.387,-0.125,-0.091,0.273,-0.204,5328,4319;
27186,0.139,1.113,-0.045,0.022,0.559,-0.108,0.091,-0.182,-0.816,5351,4330;
27216,0.136,1.087,-0.070,0.053,0.737,-0.052,0.091,-0.182,-0.816,5361,4372;
27236,0.199,1.072,-0.014,0.113,0.918,0.019,0.091,-0.182,-0.816,5354,4452;
27266,0.279,1.068,0.035,0.073,1.041,0.144,0.182,-0.364,-1.327,5333,4524;
27286,0.448,1.124,0.192,-0.059,0.830,0.378,0.182,-0.364,-1.327,5312,4572;
27316,0.534,1.357,0.244,0.061,0.376,0.622,0.091,0.273,0.102,5311,4603;
27346,0.587,1.290,0.272,0.347,0.015,0.663,0.091,0.273,0.102,5347,4600;
27366,0.064,0.914,0.238,0.359,0.662,0.442,0.091,0.273,0.102,5341,4632;
27396,0.008,0.707,0.384,0.250,0.828,0.295,-0.091,0.182,-0.102,5315,4723;
27426,0.060,0.752,0.412,-0.044,0.861,0.255,-0.091,0.182,-0.102,5273,4774;
27456,0.256,0.917,0.391,-0.255,0.562,0.106,0.182,-0.182,-0.102,5264,4772;
27476,0.433,1.049,0.325,0.175,-0.018,-0.153,0.182,-0.182,-0.102,5265,4762;
27506,0.369,0.925,0.335,0.024,-0.183,-0.250,0.182,-0.182,-0.102,5265,4764;
27536,0.320,0.940,0.231,0.203,-0.438,-0.413,0.273,-0.091,-0.408,5241,4785;
27566,0.196,0.933,0.248,0.174,-0.493,-0.565,0.273,-0.091,-0.408,5233,4808;
27586,0.120,0.970,0.290,0.055,-0.535,-0.612,0.000,-0.273,-0.816,5226,4822;
27616,0.139,0.963,0.272,0.079,-0.472,-0.550,0.000,-0.273,-0.816,5225,4817;
27646,0.139,0.906,0.244,0.007,-0.407,-0.520,0.000,-0.273,-0.816,5237,4803;
27666,0.173,0.974,0.192,0.038,-0.472,-0.543,0.000,0.273,-0.612,5238,4793;
27696,0.222,0.966,0.210,0.049,-0.574,-0.535,0.000,0.273,-0.612,5230,4782;
27716,0.237,0.929,0.192,-0.015,-0.540,-0.520,0.000,0.091,0.000,5210,4773;
27746,0.199,0.948,0.196,-0.019,-0.555,-0.486,0.000,0.091,0.000,5178,4766;
27776,0.184,0.955,0.154,-0.012,-0.518,-0.415,0.000,0.091,0.000,5159,4763;
27806,0.181,0.993,0.126,0.056,-0.482,-0.352,0.273,0.000,-0.714,5136,4760;
27836,0.087,0.951,0.115,0.032,-0.442,-0.301,0.273,0.000,-0.714,5107,4762;
27866,0.079,0.985,0.112,0.079,-0.504,-0.271,0.091,-0.091,-0.510,5109,4771;
27886,0.094,0.963,0.087,0.058,-0.463,-0.232,0.091,-0.091,-0.510,5099,4783;
27916,0.147,0.974,0.070,0.102,-0.623,-0.183,0.091,-0.091,-0.510,5090,4785;
27946,0.158,0.966,0.056,0.012,-0.657,-0.144,-0.091,0.091,-0.102,5069,4782;
27966,0.143,0.989,0.038,0.126,-0.647,-0.109,-0.091,0.091,-0.102,5088,4781;
27996,0.087,0.966,0.024,0.132,-0.607,-0.096,-0.273,0.000,0.102,5087,4777;
28026,0.094,0.959,0.021,0.101,-0.449,-0.063,-0.273,0.000,0.102,5100,4772;
28056,0.079,0.985,0.017,-0.062,-0.461,-0.033,-0.273,0.000,0.102,5124,4778;
28076,0.094,1.008,0.028,-0.193,-0.482,0.000,0.000,0.000,-0.408,5151,4786;
28106,0.128,1.004,0.017,-0.372,-0.548,0.004,0.000,0.000,-0.408,5187,4800;
28136,0.120,1.049,0.007,-0.488,-0.607,-0.016,0.091,-0.636,-0.204,5237,4821;
28156,0.128,1.087,0.000,-0.520,-0.701,-0.104,0.091,-0.636,-0.204,5291,4852;
28186,0.105,1.132,-0.021,-0.493,-0.761,-0.186,0.091,-0.636,-0.204,5334,4871;
28216,0.015,1.136,0.007,-0.334,-0.705,-0.236,0.000,0.364,-0.306,5363,4880;
28246,-0.008,1.053,0.049,-0.359,-0.590,-0.256,0.000,0.364,-0.306,5392,4877;
28266,0.011,1.083,0.101,-0.457,-0.396,-0.350,0.000,-0.091,0.000,5419,4873;
28296,0.015,1.173,0.147,-0.453,-0.140,-0.476,0.000,-0.091,0.000,5467,4859;
28316,0.000,1.237,0.196,-0.246,0.023,-0.660,0.000,-0.091,0.000,5483,4833;
28346,0.120,1.215,0.178,0.114,-0.115,-0.725,0.000,-0.091,-0.306,5459,4806;
28366,0.256,0.970,0.210,0.169,-0.243,-0.636,0.000,-0.091,-0.306,5396,4786;
28406,0.267,0.839,0.244,0.161,-0.404,-0.516,0.000,-0.091,-0.306,5369,4750;
28436,0.215,0.726,0.318,-0.161,-0.640,-0.372,0.000,-0.455,-0.714,5393,4700;
28456,0.267,0.884,0.321,-0.146,-0.713,-0.293,0.000,-0.455,-0.714,5410,4667;
28486,0.267,0.951,0.339,-0.174,-0.503,-0.195,0.000,0.182,-0.612,5429,4647;
28506,0.199,1.015,0.286,-0.039,-0.472,-0.127,0.000,0.182,-0.612,5451,4631;
28536,0.120,1.079,0.251,0.056,-0.333,-0.021,0.091,0.091,-0.204,5457,4605;
28566,0.120,1.087,0.255,-0.018,-0.271,0.141,0.091,0.091,-0.204,5431,4582;
28596,0.158,1.105,0.293,0.368,-0.259,0.214,0.091,0.091,-0.204,5458,4577;
28626,0.215,0.951,0.213,0.193,-0.171,0.364,0.091,0.091,-0.306,5441,4549;
28646,0.203,0.985,0.147,0.250,-0.165,0.363,0.091,0.091,-0.306,5401,4509;
28676,0.196,0.966,0.192,0.308,-0.238,0.331,0.000,-0.091,0.000,5382,4478;
28706,0.143,0.910,0.108,0.340,-0.081,0.277,0.000,-0.091,0.000,5360,4450;
28726,0.090,0.955,0.028,0.189,0.032,0.329,0.000,-0.091,0.000,5337,4423;
28756,0.117,0.981,0.115,0.210,0.154,0.205,-0.091,0.000,-0.204,5309,4386;
28776,0.102,0.966,0.073,0.262,0.287,0.232,-0.091,0.000,-0.204,5300,4381;
28806,0.136,0.906,0.045,0.112,0.280,0.177,-0.091,0.000,-0.204,5297,4366;
28836,0.147,0.917,0.045,0.084,0.290,0.087,-0.091,0.000,-0.204,5297,4357;
28856,0.184,0.936,0.003,0.143,0.446,0.028,-0.091,0.000,-0.204,5303,4358;
28886,0.184,0.910,-0.007,0.203,0.418,-0.017,-0.182,0.000,-0.204,5326,4361;
28916,0.166,0.914,-0.080,-0.023,0.551,-0.013,-0.182,0.000,-0.204,5340,4372;
28946,0.211,0.963,-0.014,-0.032,0.436,-0.066,-0.182,0.000,-0.204,5355,4398;
28976,0.192,0.944,0.014,-0.308,0.517,-0.008,-0.091,-0.091,-0.306,5398,4440;
28996,0.177,1.045,0.021,-0.339,0.495,0.015,-0.091,-0.091,-0.306,5415,4455;
29036,0.241,1.098,0.028,-0.317,0.441,0.076,0.091,0.091,-0.306,5446,4458;
29056,0.233,1.151,-0.084,-0.100,0.550,0.153,0.091,0.091,-0.306,5460,4434;
29086,0.151,1.154,-0.098,0.079,0.619,0.199,-0.182,-0.182,-0.102,5456,4443;
29116,0.184,1.136,-0.098,0.202,0.810,0.188,-0.182,-0.182,-0.102,5451,4462;
29136,0.256,1.102,-0.108,0.251,0.905,0.157,-0.182,-0.182,-0.102,5433,4490;
29166,0.331,1.068,-0.056,0.238,0.716,0.248,0.000,0.182,-0.306,5421,4539;
29186,0.380,0.921,0.119,-0.378,0.756,0.395,0.000,0.182,-0.306,5412,4614;
29216,0.576,1.181,0.265,-0.265,0.261,0.578,0.091,-0.091,-0.510,5397,4667;
29246,0.708,1.184,0.311,0.295,-0.319,0.750,0.091,-0.091,-0.510,5414,4652;
29276,0.056,0.722,0.325,0.341,0.226,0.613,0.091,-0.091,-0.510,5427,4629;
29296,0.030,0.775,0.279,0.214,0.446,0.489,0.182,1.000,1.531,5432,4644;
29326,0.015,0.805,0.395,-0.062,0.505,0.363,0.182,1.000,1.531,5424,4680;
29356,0.113,0.955,0.388,-0.032,0.260,0.090,0.182,0.182,-0.510,5411,4702;
29386,0.343,0.914,0.388,0.030,0.086,-0.180,0.182,0.182,-0.510,5394,4732;
29406,0.437,0.989,0.339,0.172,-0.239,-0.368,0.182,0.182,-0.510,5382,4743;
29436,0.380,0.985,0.269,0.035,-0.517,-0.556,-0.182,0.091,-0.204,5375,4747;
29466,0.290,0.993,0.265,0.113,-0.731,-0.633,-0.182,0.091,-0.204,5366,4748;
29496,0.166,0.929,0.248,-0.016,-0.597,-0.622,0.000,-0.818,-1.429,5356,4752;
29516,0.154,0.891,0.248,-0.220,-0.599,-0.576,0.000,-0.818,-1.429,5348,4763;
29546,0.094,0.970,0.213,-0.220,-0.455,-0.660,0.000,-0.818,-1.429,5334,4775;
29576,0.147,0.970,0.185,-0.246,-0.583,-0.606,0.273,0.727,-0.102,5325,4789;
29606,0.211,0.993,0.192,-0.155,-0.492,-0.586,0.273,0.727,-0.102,5319,4762;
29636,0.166,0.944,0.112,-0.123,-0.640,-0.467,0.182,-0.182,-0.510,5313,4728;
29666,0.162,0.906,0.154,-0.223,-0.668,-0.426,0.182,-0.182,-0.510,5311,4711;
29686,0.184,0.933,0.108,-0.296,-0.402,-0.324,0.091,-0.091,-0.204,5277,4712;
29716,0.173,1.042,0.119,-0.222,-0.336,-0.312,0.091,-0.091,-0.204,5243,4734;
29746,0.158,0.996,0.066,-0.127,-0.532,-0.312,0.091,-0.091,-0.204,5227,4757;
29776,0.124,0.951,0.059,-0.168,-0.501,-0.266,0.182,0.182,1.020,5224,4787;
29806,0.098,0.933,0.066,-0.153,-0.514,-0.222,0.182,0.182,1.020,5232,4805;
29836,0.098,0.955,0.066,-0.200,-0.574,-0.125,0.091,0.000,0.204,5252,4816;
29866,0.139,0.974,0.056,-0.297,-0.477,0.005,0.091,0.000,0.204,5305,4826;
29896,0.079,0.989,0.084,-0.284,-0.328,0.039,0.091,-0.091,0.000,5324,4839;
29916,0.049,0.978,0.091,-0.285,-0.266,0.056,0.091,-0.091,0.000,5396,4860;
29946,0.102,1.008,0.070,-0.299,-0.330,0.024,0.091,-0.091,0.000,5420,4871;
29976,0.151,1.027,0.000,-0.398,-0.469,-0.083,-0.091,0.000,-1.939,5432,4910;
30006,0.158,1.109,0.017,-0.448,-0.623,-0.187,-0.091,0.000,-1.939,5443,4937;
30036,0.124,1.173,0.024,-0.324,-0.722,-0.288,0.091,0.000,-0.306,5464,4930;
30066,0.117,1.169,0.021,-0.163,-0.702,-0.316,0.091,0.000,-0.306,5496,4873;
30096,0.015,1.128,0.157,-0.356,-0.537,-0.397,0.091,0.182,-26.122,5504,4821;
30116,-0.068,1.241,0.238,-0.384,-0.118,-0.571,-0.182,0.182,0.000,5528,4788;
30146,0.094,1.346,0.276,0.076,-0.051,-0.641,-0.182,0.182,0.000,5510,4754;
30176,0.237,1.015,0.339,0.261,-0.193,-0.493,0.000,0.000,-0.408,5444,4722;
30206,0.279,0.684,0.388,0.193,-0.351,-0.312,0.000,0.000,-0.408,5418,4701;
30226,0.248,0.628,0.356,-0.153,-0.365,-0.180,0.000,0.000,-0.408,5446,4659;
30256,0.241,0.850,0.290,-0.199,-0.358,-0.051,0.000,-0.091,-0.306,5497,4615;
30286,0.188,0.966,0.318,-0.125,-0.346,-0.033,0.000,-0.091,-0.306,5529,4584;
30306,0.196,1.027,0.262,0.080,-0.256,-0.053,0.000,0.182,-0.306,5542,4562;
30336,0.241,0.996,0.227,0.347,-0.239,-0.055,0.000,0.182,-0.306,5540,4539;
30366,0.177,1.019,0.227,0.182,-0.059,0.038,0.000,0.182,-0.306,5534,4525;
30396,0.207,1.027,0.227,0.297,0.042,0.146,0.000,0.455,-0.102,5510,4511;
30426,0.218,0.966,0.244,0.429,0.089,0.220,0.000,0.455,-0.102,5505,4505;
30446,0.184,0.959,0.203,0.291,0.222,0.215,0.000,0.091,-0.510,5494,4495;
30476,0.162,0.917,0.206,0.144,0.425,0.261,0.000,0.091,-0.510,5488,4508;
30506,0.196,0.887,0.199,0.015,0.450,0.322,0.182,0.091,-0.204,5471,4517;
30526,0.241,0.921,0.115,-0.276,0.486,0.528,0.182,0.091,-0.204,5470,4516;
30556,0.271,0.895,0.265,-0.236,0.412,0.382,0.182,0.091,-0.204,5471,4505;
30586,0.279,0.966,0.157,0.013,0.652,0.324,-0.182,-0.273,0.306,5459,4510;
30606,0.267,0.936,0.143,0.209,0.447,0.238,-0.182,-0.273,0.306,5441,4506;
30636,0.237,0.899,0.084,0.335,0.375,0.182,0.000,0.000,-0.612,5431,4492;
30666,0.245,0.929,0.017,0.280,0.187,-0.008,0.000,0.000,-0.612,5428,4459;
30696,0.241,1.015,-0.007,0.414,-0.038,-0.127,0.000,0.000,-0.612,5437,4431;
30726,0.222,0.955,0.003,0.276,-0.029,-0.188,0.000,-0.091,0.102,5440,4447;
30746,0.184,0.955,0.003,0.159,0.255,-0.158,0.000,-0.091,0.102,5445,4471;
30776,0.199,0.978,-0.003,0.081,0.342,-0.090,0.000,-0.182,-0.816,5459,4505;
30806,0.275,1.023,0.017,-0.087,0.273,-0.039,0.000,-0.182,-0.816,5472,4533;
30836,0.290,1.075,-0.042,-0.142,0.236,-0.032,0.000,-0.182,-0.816,5490,4553;
30866,0.354,1.042,-0.042,-0.137,0.239,0.045,-0.091,0.091,-0.612,5496,4580;
30896,0.301,1.034,-0.091,-0.046,0.102,0.100,-0.091,0.091,-0.612,5496,4589;
30916,0.222,1.072,-0.049,-0.424,0.245,0.266,0.182,-0.091,-0.408,5481,4602;
30946,0.222,1.230,0.073,-0.260,0.112,0.497,0.182,-0.091,-0.408,5476,4621;
30976,0.572,1.267,0.255,-0.406,0.063,0.732,-0.273,-0.091,0.000,5494,4613;
31006,0.418,1.391,0.405,0.920,-0.548,0.606,-0.273,-0.091,0.000,5534,4573;
31036,0.169,0.609,0.426,0.395,-0.045,0.347,-0.273,-0.091,0.000,5542,4572;
31056,0.192,0.748,0.349,0.475,0.204,0.124,0.182,0.000,-0.510,5535,4604;
31086,0.098,0.673,0.374,-0.063,0.415,-0.011,0.182,0.000,-0.510,5513,4665;
31116,0.181,0.831,0.346,-0.040,0.261,-0.085,-0.091,0.000,-0.204,5485,4676;
31136,0.169,1.068,0.258,0.169,0.325,-0.239,-0.091,0.000,-0.204,5476,4670;
31166,0.211,1.019,0.269,0.035,0.387,-0.223,-0.091,0.000,-0.204,5465,4649;
31196,0.237,0.978,0.265,0.083,0.164,-0.212,-0.364,0.273,-2.143,5461,4629;
31226,0.260,0.940,0.269,0.050,0.333,-0.287,-0.364,0.273,-2.143,5456,4630;
31246,0.294,0.951,0.231,0.047,0.379,-0.331,0.091,0.091,-0.816,5446,4648;
31276,0.248,0.993,0.192,0.007,0.287,-0.403,0.091,0.091,-0.816,5408,4666;
31306,0.226,1.045,0.133,0.097,0.236,-0.542,0.091,0.091,-0.816,5362,4667;
31326,0.237,1.030,0.140,0.246,0.110,-0.572,-0.091,0.182,-0.306,5322,4666;
31356,0.241,0.944,0.112,0.209,0.102,-0.529,-0.091,0.182,-0.306,5283,4651;
31396,0.218,0.872,0.101,0.039,-0.081,-0.506,0.000,0.091,0.000,5235,4641;
31416,0.211,0.917,0.066,-0.089,-0.093,-0.433,0.000,0.091,0.000,5202,4644;
31446,0.241,0.993,0.080,-0.005,-0.103,-0.374,0.000,0.091,0.000,5126,4643;
31476,0.222,0.940,0.080,0.113,-0.290,-0.346,0.000,0.091,-0.204,5162,4670;
31506,0.226,0.959,0.021,0.187,-0.563,-0.297,0.000,0.091,-0.204,5191,4683;
31526,0.188,0.921,0.052,0.117,-0.449,-0.245,0.000,0.091,-0.510,5186,4700;
31556,0.154,0.959,0.014,0.192,-0.635,-0.178,0.000,0.091,-0.510,5212,4708;
31586,0.113,0.948,0.007,-0.013,-0.752,-0.149,0.000,0.091,-0.510,5241,4713;
31616,0.113,0.970,0.003,-0.203,-0.715,-0.140,-0.182,0.091,0.204,5274,4742;
31636,0.102,1.027,0.017,-0.372,-0.730,-0.093,-0.182,0.091,0.204,5314,4766;
31666,0.075,1.060,0.007,-0.322,-0.835,-0.188,0.273,0.182,-0.510,5350,4780;
31696,0.060,1.049,-0.021,-0.460,-0.820,-0.306,0.273,0.182,-0.510,5379,4805;
31716,0.034,1.177,-0.024,-0.483,-0.863,-0.367,0.273,0.182,-0.510,5426,4812;
31746,0.030,1.218,0.007,-0.339,-0.901,-0.416,-0.182,0.091,-0.918,5471,4809;
31766,0.015,1.181,0.094,-0.334,-0.782,-0.477,-0.182,0.091,-0.918,5525,4795;
31806,0.045,1.207,0.140,-0.365,-0.512,-0.567,0.091,-0.091,0.000,5594,4768;
31826,-0.060,1.252,0.203,-0.240,-0.215,-0.744,0.091,-0.091,0.000,5600,4746;
31856,0.011,1.211,0.217,0.183,-0.152,-0.710,0.091,-0.091,0.000,5556,4724;
31886,0.248,0.760,0.206,0.171,-0.301,-0.406,0.000,-0.364,-0.306,5531,4695;
31916,0.196,0.726,0.227,-0.090,-0.447,-0.282,0.000,-0.364,-0.306,5543,4680;
31946,0.184,0.726,0.276,-0.265,-0.529,-0.231,0.273,-0.091,-0.102,5584,4656;
31966,0.260,0.910,0.293,-0.135,-0.636,-0.234,0.273,-0.091,-0.102,5628,4629;
31996,0.339,0.955,0.272,-0.346,-0.646,-0.282,0.091,0.000,-0.408,5634,4613;
32026,0.263,1.113,0.297,0.177,-0.635,-0.306,0.091,0.000,-0.408,5640,4600;
32056,0.087,0.929,0.224,0.153,-0.321,-0.168,0.091,0.000,-0.408,5659,4595;
32086,0.056,1.199,0.283,-0.016,-0.016,0.073,0.000,0.000,-0.714,5660,4582;
32106,0.117,1.154,0.244,0.239,0.166,0.255,0.000,0.000,-0.714,5647,4565;
32136,0.245,0.996,0.248,0.137,0.085,0.350,0.091,0.091,-0.102,5628,4546;
32166,0.271,0.936,0.091,0.482,0.114,0.389,0.091,0.091,-0.102,5603,4544;
32186,0.226,0.854,0.220,0.143,-0.072,0.444,0.091,0.091,-0.102,5565,4523;
32216,0.098,0.948,0.052,-0.008,0.260,0.442,0.182,0.000,-0.102,5531,4499;
32236,0.151,1.023,0.122,0.220,0.215,0.279,0.182,0.000,-0.102,5494,4471;
32266,0.143,0.993,0.091,0.256,0.157,0.365,0.091,-0.182,-0.306,5453,4463;
32296,0.162,0.865,0.112,0.066,0.272,0.266,0.091,-0.182,-0.306,5441,4454;
32326,0.177,0.951,0.035,0.130,0.232,0.171,0.091,-0.182,-0.306,5434,4443;
32356,0.203,0.929,0.017,0.015,0.255,0.093,0.000,-0.091,-0.102,5432,4432;
32376,0.203,0.940,0.003,0.050,0.205,0.074,0.000,-0.091,-0.102,5430,4426;
32406,0.184,0.940,-0.035,0.044,0.278,0.067,-0.273,0.182,-0.816,5436,4424;
32436,0.192,0.940,-0.049,0.055,0.374,0.053,-0.273,0.182,-0.816,5442,4436;
32466,0.173,0.914,-0.024,0.050,0.465,0.063,-0.273,0.182,-0.816,5448,4449;
32496,0.184,0.955,0.003,-0.062,0.466,0.047,-0.091,-0.091,0.000,5462,4460;
32516,0.226,1.030,-0.038,-0.096,0.448,0.019,-0.091,-0.091,0.000,5479,4456;
32546,0.275,1.079,-0.066,-0.056,0.461,0.040,-0.091,-0.091,-0.510,5497,4451;
32566,0.282,1.109,-0.098,0.115,0.463,0.066,-0.091,-0.091,-0.510,5517,4454;
32596,0.169,1.079,-0.140,0.115,0.629,0.137,-0.091,-0.091,-0.510,5526,4476;
32626,0.301,1.132,-0.101,0.163,0.531,0.187,0.000,0.273,-0.306,5528,4506;
32656,0.384,1.068,-0.052,-0.225,0.544,0.365,0.000,0.273,-0.306,5517,4550;
32686,0.572,1.286,0.171,-0.216,0.100,0.580,0.091,-0.273,0.000,5516,4592;
32706,0.678,1.369,0.328,0.331,-0.554,0.777,0.091,-0.273,0.000,5556,4584;
32736,0.181,1.038,0.353,0.946,-0.387,0.578,0.091,-0.273,0.000,5586,4549;
32756,0.015,0.620,0.388,0.300,0.296,0.297,0.091,0.000,-0.204,5582,4565;
32796,0.053,0.756,0.384,0.050,0.325,0.017,0.091,0.000,-0.204,5551,4623;
32816,0.237,0.914,0.328,-0.062,-0.032,-0.182,0.091,0.091,-0.612,5514,4690;
32846,0.297,0.951,0.335,-0.093,-0.011,-0.285,0.091,0.091,-0.612,5495,4704;
32876,0.294,0.914,0.325,-0.025,-0.171,-0.346,0.091,0.091,-0.612,5486,4722;
32906,0.230,0.805,0.258,-0.114,-0.217,-0.440,-0.091,0.000,-0.816,5489,4715;
32936,0.199,0.914,0.199,-0.189,0.011,-0.432,-0.091,0.000,-0.816,5488,4713;
32956,0.105,1.090,0.143,-0.101,0.049,-0.391,0.091,0.182,-0.510,5467,4713;
32986,0.068,1.117,0.196,0.006,0.142,-0.403,0.091,0.182,-0.510,5456,4714;
33016,0.154,1.049,0.157,0.021,0.237,-0.455,0.182,0.091,0.816,5425,4707;
33046,0.263,0.985,0.108,0.050,0.448,-0.487,0.182,0.091,0.816,5393,4690;
33076,0.301,1.027,0.059,0.206,0.198,-0.555,0.182,0.091,0.816,5336,4673;
33106,0.237,0.940,0.056,0.084,-0.057,-0.543,0.091,-0.273,1.020,5295,4681;
33136,0.222,0.914,0.052,-0.067,-0.113,-0.510,0.091,-0.273,1.020,5251,4695;
33156,0.256,0.917,0.045,-0.061,-0.164,-0.467,0.091,0.091,0.612,5211,4713;
33186,0.218,0.891,0.035,-0.040,-0.369,-0.382,0.091,0.091,0.612,5189,4732;
33216,0.173,0.940,0.038,-0.018,-0.578,-0.266,0.182,0.091,-0.204,5184,4743;
33246,0.233,0.895,0.017,-0.106,-0.754,-0.127,0.182,0.091,-0.204,5186,4746;
33286,0.173,0.902,0.038,-0.279,-0.811,-0.107,0.182,0.091,-0.204,5200,4765;
33306,0.109,0.985,0.035,-0.270,-0.820,-0.102,-0.091,-0.091,-0.510,5236,4800;
33336,0.053,0.993,0.028,-0.420,-0.766,-0.095,-0.091,-0.091,-0.510,5274,4831;
33366,0.030,1.068,0.017,-0.416,-0.810,-0.131,-0.182,-0.182,0.000,5303,4852;
33386,0.038,1.109,0.003,-0.367,-0.801,-0.222,-0.182,-0.182,0.000,5317,4875;
33416,0.008,1.132,-0.003,-0.243,-0.863,-0.374,0.000,0.545,-1.224,5300,4885;
33446,0.045,1.181,-0.024,-0.008,-0.816,-0.494,0.000,0.545,-1.224,5298,4859;
33476,0.015,1.105,-0.017,-0.047,-0.747,-0.624,0.000,0.545,-1.224,5286,4837;
33506,0.045,1.199,0.108,-0.236,-0.583,-0.764,0.000,0.909,-0.714,5302,4823;
33536,-0.004,1.320,0.171,-0.083,-0.443,-0.871,0.000,0.909,-0.714,5317,4785;
33556,-0.109,1.248,0.262,0.098,-0.166,-0.918,0.000,0.182,-0.510,5288,4744;
33586,0.188,0.955,0.279,0.295,-0.283,-0.726,0.000,0.182,-0.510,5243,4697;
33616,0.252,0.714,0.293,0.030,-0.617,-0.483,0.000,0.182,-0.510,5216,4651;
33646,0.327,0.707,0.269,-0.314,-0.826,-0.238,0.000,0.273,-0.204,5251,4612;
33676,0.335,0.955,0.318,-0.266,-1.013,-0.143,0.000,0.273,-0.204,5258,4593;
33706,0.218,1.030,0.307,-0.232,-1.126,-0.161,-0.091,0.000,0.408,5308,4565;
33736,0.169,1.042,0.279,-0.076,-0.968,-0.177,-0.091,0.000,0.408,5311,4549;
33756,0.124,1.053,0.224,-0.097,-0.694,-0.029,0.091,-0.091,-0.306,5303,4543;
33786,0.184,1.079,0.217,0.044,-0.597,0.160,0.091,-0.091,-0.306,5298,4527;
33816,0.102,1.027,0.171,0.200,-0.560,0.271,0.091,-0.091,-0.306,5281,4510;
33836,0.117,0.955,0.154,0.084,-0.381,0.375,0.000,0.818,0.306,5280,4493;
33866,0.181,0.966,0.045,0.256,-0.222,0.387,0.000,0.818,0.306,5274,4472;
33896,0.169,0.966,0.136,0.005,-0.348,0.379,0.091,-0.364,-1.939,5262,4452;
33916,0.105,0.944,0.105,0.024,-0.169,0.342,0.091,-0.364,-1.939,5253,4444;
33946,0.120,0.955,0.021,0.096,-0.234,0.282,0.091,-0.364,-1.939,5249,4432;
33966,0.098,0.951,0.031,0.125,0.064,0.227,-0.091,0.091,0.102,5245,4404;
33996,0.087,0.906,0.035,0.079,0.089,0.121,-0.091,0.091,0.102,5241,4401;
34026,0.113,0.910,-0.045,0.061,0.208,0.089,0.091,-0.273,1.224,5249,4392;
34056,0.064,0.959,-0.070,0.144,0.384,0.064,0.091,-0.273,1.224,5252,4386;
34086,0.015,0.929,-0.094,0.194,0.578,0.056,0.091,-0.273,1.224,5253,4391;
34116,0.083,0.933,-0.112,0.123,0.648,0.055,0.000,0.000,0.000,5274,4406;
34136,0.203,1.053,-0.066,0.032,0.532,0.076,0.000,0.000,0.000,5303,4416;
34166,0.263,1.053,-0.042,0.159,0.471,0.120,-0.182,0.000,0.102,5335,4431;
34196,0.248,1.019,-0.070,0.141,0.573,0.193,-0.182,0.000,0.102,5355,4441;
34216,0.203,1.098,-0.140,0.123,0.646,0.295,-0.182,0.000,0.102,5375,4437;
34256,0.215,1.151,-0.136,0.219,0.680,0.328,0.273,0.818,-0.408,5390,4468;
34276,0.309,1.177,-0.091,0.278,0.753,0.356,0.273,0.818,-0.408,5407,4502;
34306,0.474,1.132,-0.049,0.164,0.486,0.492,-0.091,0.091,-0.408,5399,4575;
34336,0.538,1.147,0.220,-0.329,0.511,0.854,-0.091,0.091,-0.408,5389,4598;
34356,0.557,1.658,0.367,0.697,-0.356,0.981,-0.091,0.091,-0.408,5385,4537;
34386,0.079,1.000,0.416,1.214,0.274,0.790,0.000,0.273,-0.510,5400,4467;
34416,-0.041,0.722,0.332,0.727,0.936,0.460,0.000,0.273,-0.510,5405,4458;
34446,-0.049,0.666,0.363,0.022,0.952,0.312,-0.182,-0.818,-0.408,5381,4532;
34466,0.256,0.974,0.321,0.021,0.435,-0.051,-0.182,-0.818,-0.408,5343,4591;
34506,0.399,0.959,0.321,-0.052,0.237,-0.372,-0.182,-0.818,-0.408,5269,4635;
34526,0.444,0.921,0.238,-0.146,-0.051,-0.576,0.000,-0.091,-0.306,5253,4667;
34556,0.403,1.038,0.213,-0.051,-0.355,-0.619,0.000,-0.091,-0.306,5256,4668;
34576,0.233,1.008,0.147,0.083,-0.255,-0.635,0.182,0.091,-0.510,5254,4661;
34606,0.117,0.899,0.143,-0.069,-0.120,-0.709,0.182,0.091,-0.510,5243,4682;
34636,0.109,0.933,0.140,-0.299,-0.102,-0.650,0.182,0.091,-0.510,5225,4702;
34666,0.128,0.966,0.112,-0.250,-0.217,-0.639,-0.091,-1.000,-0.306,5203,4696;
34686,0.215,1.034,0.059,-0.130,-0.124,-0.532,-0.091,-1.000,-0.306,5178,4667;
34716,0.188,0.929,0.059,-0.061,-0.242,-0.495,0.000,0.182,1.224,5172,4671;
34746,0.215,0.929,0.042,-0.159,-0.261,-0.418,0.000,0.182,1.224,5164,4675;
34776,0.215,0.936,0.021,-0.163,-0.273,-0.374,0.000,0.182,1.224,5158,4682;
34796,0.218,0.963,-0.010,-0.174,-0.365,-0.308,-0.273,-0.273,-0.204,5153,4698;
34826,0.199,0.951,0.010,-0.104,-0.415,-0.274,-0.273,-0.273,-0.204,5153,4714;
34856,0.147,0.933,0.003,-0.176,-0.452,-0.231,-0.273,0.364,-0.102,5169,4733;
34876,0.132,0.963,-0.003,-0.165,-0.550,-0.223,-0.273,0.364,-0.102,5189,4741;
34906,0.128,0.963,0.003,-0.239,-0.605,-0.180,-0.273,0.364,-0.102,5206,4742;
34936,0.094,0.989,0.024,-0.228,-0.718,-0.132,0.000,0.182,-1.837,5259,4741;
34966,0.060,0.951,0.049,-0.313,-0.675,-0.114,0.000,0.182,-1.837,5292,4732;
34986,0.064,1.128,-0.056,-0.300,-0.713,-0.134,0.000,0.000,-0.102,5321,4722;
35026,0.053,1.196,-0.066,-0.287,-0.868,-0.220,0.000,0.000,-0.102,5352,4715;
35046,0.023,1.132,-0.070,-0.212,-0.875,-0.363,0.182,0.000,-0.408,5364,4706;
35076,0.053,1.060,-0.063,-0.212,-0.860,-0.432,0.182,0.000,-0.408,5390,4701;
35106,0.019,1.075,0.003,-0.206,-0.755,-0.450,0.182,0.000,-0.408,5408,4685;
35136,0.000,1.034,0.087,-0.329,-0.600,-0.487,0.091,-0.182,-0.612,5457,4688;
35166,-0.004,1.192,0.147,-0.352,-0.372,-0.694,0.091,-0.182,-0.612,5492,4686;
35186,0.038,1.324,0.314,-0.160,-0.282,-0.966,0.091,0.182,0.204,5500,4666;
35216,0.346,1.297,0.238,0.631,-0.571,-0.932,0.091,0.182,0.204,5462,4631;
35246,0.279,0.737,0.265,0.212,-0.640,-0.647,0.091,0.182,0.204,5422,4591;
35276,0.226,0.688,0.286,-0.053,-0.687,-0.358,0.000,0.273,-1.020,5426,4567;
35306,0.196,0.756,0.293,-0.382,-0.415,-0.113,0.000,0.273,-1.020,5466,4535;
35326,0.230,1.075,0.199,-0.170,-0.442,0.091,0.091,0.273,-0.408,5542,4507;
35356,0.132,1.158,0.220,-0.007,-0.175,0.089,0.091,0.273,-0.408,5549,4497;
35386,0.087,1.211,0.182,0.040,0.007,0.117,0.091,0.273,-0.408,5526,4498;
35406,0.079,1.124,0.255,0.307,0.090,0.263,-0.273,0.182,-0.306,5501,4486;
35436,0.177,0.902,0.206,0.257,0.180,0.374,-0.273,0.182,-0.306,5485,4475;
35466,0.267,0.880,0.150,0.051,0.185,0.449,0.182,0.273,0.816,5471,4467;
35486,0.312,0.921,0.105,-0.062,0.012,0.497,0.182,0.273,0.816,5457,4449;
35526,0.260,0.933,0.115,-0.125,-0.033,0.409,0.182,0.273,0.816,5422,4436;
35546,0.151,0.959,0.073,0.280,0.209,0.194,-0.364,-0.364,-0.306,5414,4430;
35576,0.079,0.902,0.133,0.055,0.056,0.119,-0.364,-0.364,-0.306,5390,4421;
35596,0.079,1.011,0.024,0.072,0.322,0.161,0.091,-0.091,0.408,5362,4408;
35626,0.102,0.959,0.014,0.182,0.168,0.091,0.091,-0.091,0.408,5346,4370;
35656,0.143,0.959,-0.038,-0.059,0.255,0.107,0.091,-0.091,0.408,5339,4378;
35676,0.169,0.948,-0.031,-0.013,0.239,0.095,-0.182,0.818,-0.102,5354,4374;
35706,0.169,0.936,-0.031,0.106,0.418,0.114,-0.182,0.818,-0.102,5354,4371;
35736,0.169,0.929,-0.108,-0.040,0.397,0.130,0.000,0.000,-0.408,5368,4377;
35756,0.181,0.996,-0.052,-0.067,0.262,0.056,0.000,0.000,-0.408,5381,4396;
35786,0.173,1.004,-0.014,0.025,0.191,0.013,0.000,0.000,-0.408,5404,4407;
35816,0.207,1.008,-0.066,0.019,0.197,-0.015,0.091,-0.273,0.408,5404,4409;
35846,0.166,1.023,-0.077,-0.010,0.331,0.002,0.091,-0.273,0.408,5429,4432;
35866,0.094,1.090,-0.143,0.052,0.629,0.061,0.000,-0.091,-0.204,5439,4448;
35896,0.079,1.151,-0.168,0.115,0.850,0.158,0.000,-0.091,-0.204,5445,4472;
35926,0.188,1.075,-0.115,0.080,1.122,0.251,0.000,-0.091,-0.204,5436,4508;
35956,0.316,1.060,-0.049,0.134,1.045,0.367,-0.091,-0.545,-2.041,5454,4606;
35976,0.501,1.087,0.147,-0.375,0.931,0.634,-0.091,-0.545,-2.041,5437,4682;
36006,0.768,1.519,0.395,-0.523,0.430,0.925,0.000,0.091,-0.102,5442,4695;
36036,0.459,1.651,0.391,1.690,-0.363,0.669,0.000,0.091,-0.102,5476,4620;
36066,0.041,0.455,0.419,0.566,1.031,0.491,0.000,0.091,-0.102,5489,4613;
36086,-0.015,0.722,0.244,0.858,0.994,0.291,0.091,-0.091,-0.102,5483,4679;
36116,0.041,0.564,0.318,-0.189,1.138,0.181,0.091,-0.091,-0.102,5460,4749;
36136,0.245,1.045,0.234,-0.229,0.549,0.164,-0.091,-0.091,-0.102,5426,4749;
36166,0.358,1.241,0.328,0.098,0.244,0.055,-0.091,-0.091,-0.102,5397,4741;
36196,0.358,0.974,0.283,0.359,0.050,-0.293,-0.091,-0.091,-0.102,5393,4734;
36226,0.444,0.906,0.231,0.147,-0.305,-0.484,-0.364,0.091,-0.204,5380,4711;
36256,0.312,0.910,0.143,0.002,-0.262,-0.589,-0.364,0.091,-0.204,5360,4694;
36286,0.169,1.023,0.126,-0.114,-0.283,-0.664,0.000,0.000,-0.204,5342,4696;
36306,0.090,0.959,0.122,-0.180,-0.266,-0.659,0.000,0.000,-0.204,5315,4697;
36346,0.173,0.940,0.056,-0.198,-0.220,-0.639,0.364,-0.182,-0.306,5295,4684;
36366,0.233,0.966,0.031,-0.223,-0.291,-0.578,0.364,-0.182,-0.306,5280,4674;
36396,0.233,0.921,0.031,-0.206,-0.358,-0.509,0.364,-0.182,-0.306,5265,4668;
36416,0.173,0.936,0.007,-0.238,-0.342,-0.389,0.182,0.091,-0.612,5248,4674;
36456,0.177,0.959,0.007,-0.146,-0.327,-0.311,0.182,0.091,-0.612,5231,4688;
36486,0.203,0.951,-0.031,-0.064,-0.406,-0.249,0.091,0.091,0.204,5221,4703;
36506,0.196,0.948,-0.052,-0.022,-0.526,-0.204,0.091,0.091,0.204,5221,4712;
36536,0.181,0.948,-0.042,0.008,-0.625,-0.185,0.091,0.091,0.204,5229,4710;
36566,0.136,0.974,-0.031,-0.074,-0.731,-0.155,-0.091,-0.182,-0.204,5255,4728;
36596,0.132,0.974,-0.017,-0.221,-0.783,-0.131,-0.091,-0.182,-0.204,5285,4729;
36616,0.090,0.985,0.038,-0.300,-0.744,-0.146,-0.091,0.091,-0.306,5317,4727;
36656,0.105,1.057,0.014,-0.392,-0.786,-0.212,-0.091,0.091,-0.306,5337,4722;
36676,0.034,1.109,-0.073,-0.432,-0.983,-0.399,0.182,0.000,-0.510,5363,4722;
36706,0.049,1.181,-0.091,-0.452,-1.093,-0.453,0.182,0.000,-0.510,5374,4721;
36736,0.011,1.158,-0.038,-0.491,-0.971,-0.497,0.182,0.000,-0.510,5407,4707;
36766,-0.023,1.132,0.035,-0.225,-0.905,-0.484,0.091,-0.091,-0.102,5448,4714;
36786,0.000,1.053,0.122,-0.515,-0.548,-0.559,0.091,-0.091,-0.102,5494,4714;
36816,-0.090,1.248,0.189,-0.334,-0.341,-0.703,0.000,0.091,-0.102,5531,4706;
36836,-0.019,1.267,0.293,-0.219,-0.091,-0.867,0.000,0.091,-0.102,5507,4678;
36876,0.335,1.192,0.300,0.427,-0.522,-0.692,0.000,0.091,-0.102,5426,4638;
36906,0.388,0.635,0.290,-0.002,-0.813,-0.457,-0.091,0.182,-0.510,5400,4623;
36926,0.361,0.666,0.241,-0.212,-0.628,-0.243,-0.091,0.182,-0.510,5411,4596;
36956,0.215,0.981,0.297,-0.216,-0.305,-0.046,-0.182,-0.727,-0.408,5477,4561;
36986,0.064,1.132,0.262,0.063,-0.222,0.104,-0.182,-0.727,-0.408,5529,4534;
37006,0.113,1.139,0.199,0.174,-0.016,0.188,-0.182,-0.727,-0.408,5539,4522;
37036,0.169,1.057,0.231,0.209,0.089,0.246,0.000,0.091,-0.612,5526,4515;
37066,0.218,1.000,0.227,0.296,0.002,0.381,0.000,0.091,-0.612,5513,4505;
37086,0.203,0.891,0.175,0.205,0.143,0.393,-0.091,0.091,-0.204,5502,4494;
37116,0.241,0.951,0.185,0.228,0.124,0.440,-0.091,0.091,-0.204,5480,4481;
37146,0.207,0.857,0.101,0.153,0.092,0.387,-0.091,0.091,-0.204,5457,4462;
37176,0.226,0.899,0.143,0.064,0.052,0.270,0.091,0.273,-0.714,5438,4454;
37196,0.128,0.948,0.084,-0.035,0.276,0.227,0.091,0.273,-0.714,5409,4446;
37226,0.120,0.959,0.112,0.032,0.370,0.106,-0.182,0.000,-0.204,5385,4441;
37246,0.124,0.966,0.035,0.168,0.369,0.046,-0.182,0.000,-0.204,5369,4419;
37276,0.143,0.917,0.042,0.181,0.356,0.032,-0.182,0.000,-0.204,5361,4422;
37296,0.192,0.925,-0.007,0.021,0.369,0.052,0.091,-0.909,-0.408,5357,4417;
37336,0.177,0.933,-0.045,0.113,0.438,0.036,0.091,-0.909,-0.408,5364,4409;
37356,0.173,0.933,-0.052,0.106,0.491,-0.028,-0.273,0.000,-0.510,5371,4415;
37386,0.211,0.895,-0.052,0.051,0.525,-0.056,-0.273,0.000,-0.510,5391,4427;
37406,0.226,0.895,0.003,-0.120,0.376,-0.042,-0.273,0.000,-0.510,5402,4437;
37436,0.233,1.034,-0.038,-0.084,0.294,-0.027,-0.182,0.000,-0.306,5413,4439;
37466,0.279,1.008,0.007,-0.172,0.120,-0.046,-0.182,0.000,-0.306,5417,4439;
37496,0.230,1.177,-0.178,-0.007,0.359,0.011,-0.182,-0.091,-0.612,5423,4443;
37516,0.109,1.196,-0.199,0.188,0.559,0.123,-0.182,-0.091,-0.612,5419,4451;
37546,0.083,1.162,-0.175,0.240,0.766,0.223,-0.182,-0.091,-0.612,5414,4473;
37576,0.237,1.060,-0.171,0.316,0.873,0.342,-0.273,0.000,-0.204,5413,4521;
37596,0.339,1.027,0.028,-0.007,0.880,0.478,-0.273,0.000,-0.204,5406,4587;
37626,0.493,1.162,0.185,-0.334,0.782,0.726,0.000,-0.364,-0.816,5408,4660;
37646,0.783,1.613,0.388,-0.098,-0.125,0.965,0.000,-0.364,-0.816,5404,4686;
37686,0.260,1.365,0.458,1.390,-0.261,0.728,0.000,-0.364,-0.816,5404,4656;
37706,-0.090,0.643,0.342,0.143,0.922,0.353,-0.091,-0.091,0.000,5408,4687;
37736,0.060,0.921,0.335,0.290,0.289,0.103,-0.091,-0.091,0.000,5389,4754;
37766,0.290,0.981,0.251,0.040,-0.010,-0.197,-0.273,-0.182,0.000,5332,4812;
37786,0.391,0.966,0.325,0.262,-0.194,-0.435,-0.273,-0.182,0.000,5292,4868;
37816,0.407,0.872,0.283,0.102,-0.232,-0.518,-0.273,-0.182,0.000,5270,4877;
37836,0.294,0.914,0.213,-0.023,-0.538,-0.572,0.000,-0.182,-0.204,5270,4868;
37866,0.203,0.963,0.206,-0.069,-0.408,-0.602,0.000,-0.182,-0.204,5274,4854;
37896,0.128,0.887,0.164,-0.194,-0.280,-0.620,-0.182,-0.091,-0.612,5274,4851;
37916,0.128,0.925,0.140,-0.314,-0.329,-0.599,-0.182,-0.091,-0.612,5258,4819;
37946,0.169,0.993,0.112,-0.347,-0.284,-0.589,-0.182,-0.091,-0.612,5257,4859;
37976,0.196,1.015,0.119,-0.237,-0.338,-0.603,0.000,-0.455,-0.816,5238,4851;
37996,0.241,1.000,0.098,-0.161,-0.526,-0.493,0.000,-0.455,-0.816,5234,4813;
38026,0.233,0.993,0.021,-0.051,-0.625,-0.450,0.000,-0.455,-0.816,5217,4787;
38046,0.188,0.925,0.028,-0.100,-0.617,-0.419,-0.091,0.091,-0.408,5200,4769;
38076,0.184,0.906,0.014,-0.171,-0.596,-0.372,-0.091,0.091,-0.408,5169,4760;
38106,0.151,0.951,-0.003,-0.121,-0.658,-0.317,-0.091,-0.091,-0.306,5157,4754;
38126,0.147,0.917,-0.017,-0.155,-0.754,-0.233,-0.091,-0.091,-0.306,5158,4752;
38166,0.105,0.929,-0.031,-0.134,-0.881,-0.189,-0.091,-0.091,-0.306,5175,4748;
38196,0.120,0.966,-0.042,-0.238,-0.928,-0.151,0.091,-0.091,-0.204,5201,4752;
38216,0.094,1.011,0.007,-0.310,-0.914,-0.123,0.091,-0.091,-0.204,5230,4749;
38246,0.064,1.015,-0.014,-0.404,-0.827,-0.101,0.182,-0.091,-0.204,5265,4747;
38276,0.038,1.064,0.003,-0.369,-0.823,-0.146,0.182,-0.091,-0.204,5283,4751;
38296,0.023,1.117,-0.094,-0.395,-0.856,-0.265,0.182,-0.091,-0.204,5309,4759;
38326,0.041,1.083,-0.105,-0.488,-0.968,-0.353,0.091,0.000,-0.918,5326,4770;
38366,0.015,1.124,-0.017,-0.446,-0.908,-0.443,0.091,0.000,-0.918,5358,4780;
38386,0.049,1.128,0.143,-0.464,-0.664,-0.528,-0.182,0.091,-0.408,5417,4774;
38416,0.026,1.226,0.203,-0.464,-0.324,-0.749,-0.182,0.091,-0.408,5492,4762;
38436,-0.064,1.305,0.388,-0.270,-0.113,-0.925,-0.182,0.091,-0.102,5496,4740;
38466,0.203,1.158,0.419,0.113,-0.395,-0.818,-0.182,0.091,-0.102,5454,4692;
38496,0.354,0.812,0.377,0.006,-0.636,-0.537,-0.182,0.091,-0.102,5415,4667;
38526,0.391,0.699,0.325,-0.325,-0.688,-0.282,-0.182,-0.364,-0.408,5412,4653;
38556,0.267,0.963,0.307,-0.322,-0.495,-0.040,-0.182,-0.364,-0.408,5437,4633;
38576,0.113,1.109,0.258,0.096,-0.311,0.159,0.000,0.364,0.918,5506,4600;
38606,0.068,0.989,0.199,0.098,-0.140,0.219,0.000,0.364,0.918,5534,4595;
38626,0.079,0.989,0.248,0.028,0.080,0.246,0.000,0.364,0.918,5524,4590;
38656,0.215,1.000,0.196,0.317,0.057,0.353,-0.182,0.182,-0.204,5507,4581;
38686,0.215,0.880,0.241,0.126,-0.064,0.391,-0.182,0.182,-0.204,5476,4570;
38716,0.226,0.899,0.161,-0.004,0.015,0.410,-0.091,0.091,0.306,5465,4566;
38736,0.260,0.895,0.115,-0.130,-0.102,0.319,-0.091,0.091,0.306,5444,4548;
38776,0.218,1.000,0.112,-0.034,-0.096,0.254,-0.091,0.091,0.306,5421,4526;
38796,0.173,1.004,0.094,0.225,-0.107,0.193,0.000,0.000,-0.102,5405,4502;
38826,0.090,0.963,0.059,0.129,-0.023,0.135,0.000,0.000,-0.102,5406,4475;
38846,0.083,0.959,0.066,0.212,0.091,0.038,-0.091,-0.182,0.102,5403,4450;
38876,0.136,0.914,0.070,0.073,0.210,-0.001,-0.091,-0.182,0.102,5399,4425;
38906,0.158,0.887,0.024,0.125,0.108,-0.007,-0.091,-0.182,0.102,5412,4410;
38936,0.237,0.948,-0.017,-0.188,0.158,-0.007,-0.182,0.091,-0.816,5426,4404;
38966,0.233,0.993,-0.052,-0.086,0.194,0.013,-0.182,0.091,-0.816,5439,4396;
38986,0.188,0.970,-0.038,-0.095,0.274,0.046,-0.091,0.727,1.224,5460,4389;
39016,0.143,0.993,-0.007,-0.066,0.408,0.067,-0.091,0.727,1.224,5474,4405;
39036,0.102,0.985,0.014,0.008,0.453,0.061,-0.091,0.727,1.224,5488,4406;
39066,0.139,0.993,-0.017,0.042,0.551,0.059,0.000,0.182,-0.102,5499,4403;
39096,0.226,1.087,-0.112,0.117,0.577,0.019,0.000,0.182,-0.102,5509,4404;
39126,0.245,1.241,-0.196,0.567,0.589,-0.045,0.091,0.364,-0.204,5504,4433;
39156,0.233,1.158,-0.161,0.714,0.886,0.089,0.091,0.364,-0.204,5483,4479;
39186,0.388,1.147,-0.063,0.543,0.694,0.297,0.091,0.364,-0.204,5438,4570;
39206,0.497,1.023,0.192,-0.152,0.503,0.658,0.091,0.364,-0.204,5419,4641;
39236,0.843,1.425,0.485,-0.522,0.057,0.936,0.091,0.364,-0.204,5417,4661;
39256,0.482,1.651,0.489,1.555,-0.871,0.855,0.000,0.091,-0.510,5448,4621;
39296,-0.203,0.346,0.472,0.017,0.720,0.389,0.000,0.091,-0.510,5451,4627;
39316,-0.053,1.068,0.332,0.508,0.208,0.075,0.000,0.091,-0.510,5439,4680;
39346,0.263,0.707,0.360,-0.310,-0.027,-0.209,0.091,0.182,-0.918,5416,4700;
39376,0.493,1.045,0.231,0.291,-0.635,-0.510,0.091,0.182,-0.918,5361,4725;
39406,0.350,1.008,0.178,-0.010,-0.469,-0.597,0.000,0.000,-0.102,5351,4708;
39426,0.237,1.015,0.164,0.287,-0.739,-0.616,0.000,0.000,-0.102,5353,4690;
39456,0.128,0.887,0.196,0.132,-0.623,-0.594,0.000,0.000,-0.102,5350,4668;
39476,0.109,0.857,0.108,-0.002,-0.344,-0.527,-0.091,0.000,-0.306,5340,4661;
39506,0.132,0.917,0.098,-0.177,-0.393,-0.425,-0.091,0.000,-0.306,5316,4657;
39536,0.064,0.963,0.119,-0.198,-0.228,-0.501,0.000,-0.727,-1.837,5289,4684;
39566,0.128,1.011,0.094,-0.144,-0.080,-0.441,0.000,-0.727,-1.837,5263,4684;
39596,0.192,0.959,0.035,-0.138,-0.129,-0.338,0.091,-0.091,-0.306,5256,4682;
39616,0.226,0.936,0.049,-0.085,-0.163,-0.229,0.091,-0.091,-0.306,5241,4684;
39646,0.177,0.963,-0.003,-0.123,-0.238,-0.220,0.091,-0.091,-0.306,5246,4701;
39666,0.166,0.955,-0.014,-0.061,-0.325,-0.198,0.000,-0.091,-0.204,5237,4719;
39706,0.128,0.917,-0.007,-0.154,-0.359,-0.160,0.000,-0.091,-0.204,5238,4735;
39726,0.105,0.917,-0.003,-0.158,-0.369,-0.137,0.091,0.273,0.000,5244,4743;
39756,0.079,0.974,-0.021,-0.169,-0.437,-0.127,0.091,0.273,0.000,5248,4743;
39786,0.079,0.985,0.007,-0.226,-0.449,-0.121,0.091,0.273,0.000,5255,4752;
39806,0.083,1.023,0.021,-0.316,-0.395,-0.109,0.182,-0.727,-2.041,5266,4757;
39836,0.109,1.079,-0.003,-0.261,-0.514,-0.132,0.182,-0.727,-2.041,5275,4762;
39856,0.113,1.102,-0.101,-0.330,-0.635,-0.181,0.182,-0.727,-2.041,5279,4767;
39886,0.109,1.158,-0.112,-0.234,-0.828,-0.266,-0.091,0.182,-0.408,5299,4776;
39916,0.075,1.075,-0.112,-0.307,-0.974,-0.364,-0.091,0.182,-0.408,5333,4790;
39946,0.000,1.139,-0.038,-0.198,-0.957,-0.414,0.091,0.091,-0.204,5379,4792;
39966,0.000,1.072,0.049,-0.317,-0.761,-0.432,0.091,0.091,-0.204,5430,4789;
39996,-0.030,1.143,0.231,-0.495,-0.299,-0.664,0.091,0.091,-0.204,5492,4767;
40026,-0.117,1.346,0.381,-0.255,0.100,-0.957,-0.091,0.909,-0.408,5526,4724;
40046,0.226,1.312,0.374,0.506,-0.083,-0.922,-0.091,0.909,-0.408,5475,4686;
40086,0.297,0.760,0.475,0.289,-0.290,-0.710,-0.182,0.909,-1.327,5409,4651;
40116,0.391,0.666,0.258,-0.181,-0.476,-0.322,-0.182,0.909,-1.327,5388,4612;
40136,0.309,0.948,0.238,-0.215,-0.238,-0.005,0.182,0.091,-0.102,5423,4585;
40176,0.166,1.128,0.217,0.106,-0.186,0.136,0.182,0.091,-0.102,5448,4548;
40196,-0.015,1.064,0.133,-0.022,0.256,0.261,0.182,0.091,-0.102,5452,4527;
40226,0.098,1.147,0.234,0.331,0.266,0.324,0.091,0.091,-1.020,5435,4511;
40256,0.162,0.887,0.199,0.223,0.312,0.350,0.091,0.091,-1.020,5423,4498;
40276,0.211,0.887,0.199,-0.041,0.402,0.385,-0.273,0.182,-0.306,5392,4491;
40306,0.263,0.914,0.084,0.021,0.221,0.392,-0.273,0.182,-0.306,5351,4476;
40336,0.263,0.970,0.077,0.047,0.127,0.344,-0.273,0.182,-0.306,5339,4455;
40366,0.211,0.914,0.094,0.104,0.142,0.265,-0.273,0.182,-0.306,5333,4434;
40386,0.087,0.966,0.028,0.027,0.181,0.191,-0.273,0.182,-0.306,5323,4423;
40416,0.079,0.966,0.056,-0.030,0.194,0.114,-0.182,-0.091,-0.204,5314,4427;
40446,0.083,0.981,-0.003,0.118,0.285,0.007,-0.182,-0.091,-0.204,5310,4422;
40466,0.124,0.906,-0.017,-0.002,0.296,0.028,-0.182,-0.091,-0.204,5314,4420;
40496,0.139,0.933,-0.045,-0.058,0.311,0.007,0.091,-0.182,-0.612,5335,4415;
40526,0.188,0.955,-0.087,-0.038,0.424,0.008,0.091,-0.182,-0.612,5359,4414;
40546,0.237,1.011,-0.105,0.078,0.382,0.000,-0.091,-0.636,-1.429,5386,4427;
40576,0.237,0.966,-0.031,-0.032,0.322,0.015,-0.091,-0.636,-1.429,5406,4430;
40606,0.147,0.985,0.031,-0.053,0.404,0.033,-0.091,-0.636,-1.429,5417,4439;
40626,0.169,1.030,-0.031,0.073,0.409,0.042,0.000,-0.091,-0.102,5433,4426;
40656,0.184,1.011,-0.087,0.135,0.624,0.097,0.000,-0.091,-0.102,5443,4440;
40676,0.132,1.121,-0.143,0.251,0.799,0.200,0.000,0.273,-0.102,5456,4447;
40716,0.090,1.053,-0.119,0.191,0.962,0.313,0.000,0.273,-0.102,5462,4480;
40736,0.365,1.090,-0.021,-0.007,0.696,0.389,0.000,0.273,-0.102,5447,4533;
40766,0.493,1.124,0.098,-0.367,0.607,0.597,0.000,-0.091,-0.408,5436,4581;
40796,0.760,1.519,0.255,-0.058,0.005,0.839,0.000,-0.091,-0.408,5429,4568;
40816,0.373,1.433,0.363,1.638,-0.546,0.699,-0.091,0.091,-0.204,5467,4484;
40846,0.026,0.387,0.279,0.341,0.498,0.486,-0.091,0.091,-0.204,5469,4464;
40876,0.072,0.756,0.283,0.282,0.368,0.194,-0.091,0.091,-0.204,5466,4517;
40896,0.090,0.714,0.307,-0.248,0.421,0.047,0.000,0.000,-0.204,5432,4583;
40926,0.275,0.970,0.248,-0.237,0.025,-0.136,0.000,0.000,-0.204,5399,4689;
40956,0.399,1.015,0.311,-0.426,-0.251,-0.268,-0.091,-0.182,0.306,5378,4706;
40976,0.388,1.038,0.304,-0.138,-0.467,-0.458,-0.091,-0.182,0.306,5369,4704;
41016,0.267,0.978,0.220,-0.154,-0.516,-0.546,-0.091,-0.182,0.306,5381,4689;
41036,0.169,1.000,0.129,-0.044,-0.413,-0.595,0.000,0.091,-0.408,5370,4681;
41066,0.117,0.959,0.164,-0.119,-0.255,-0.583,0.000,0.091,-0.408,5354,4687;
41096,0.087,0.970,0.126,-0.142,-0.129,-0.548,0.000,0.000,-0.306,5327,4665;
41126,0.203,0.955,0.105,-0.164,-0.073,-0.475,0.000,0.000,-0.306,5304,4644;
41146,0.256,0.989,0.031,-0.187,-0.123,-0.420,0.000,0.000,-0.306,5284,4646;
41176,0.260,0.974,0.031,-0.112,-0.267,-0.359,0.364,0.182,-0.102,5282,4629;
41206,0.252,0.910,0.010,-0.170,-0.389,-0.363,0.364,0.182,-0.102,5269,4627;
41236,0.222,0.940,0.003,-0.239,-0.278,-0.261,0.091,0.000,-1.837,5256,4637;
41256,0.203,0.948,0.007,-0.225,-0.316,-0.234,0.091,0.000,-1.837,5252,4654;
41286,0.184,0.993,-0.028,-0.160,-0.347,-0.200,0.091,0.000,-1.837,5257,4671;
41316,0.162,0.993,-0.021,-0.157,-0.433,-0.205,-0.182,0.091,-1.020,5271,4675;
41346,0.128,0.970,-0.021,-0.138,-0.589,-0.242,-0.182,0.091,-1.020,5297,4681;
41366,0.120,0.974,-0.007,-0.195,-0.618,-0.245,0.091,0.000,-0.612,5331,4705;
41406,0.128,0.959,0.014,-0.236,-0.526,-0.212,0.091,0.000,-0.612,5365,4721;
41426,0.109,0.951,0.000,-0.203,-0.460,-0.232,0.000,0.182,-0.102,5395,4730;
41456,0.026,0.963,-0.007,-0.478,-0.463,-0.203,0.000,0.182,-0.102,5417,4749;
41476,-0.004,1.008,-0.028,-0.616,-0.425,-0.232,0.000,0.182,-0.102,5430,4787;
41506,0.034,1.162,-0.059,-0.476,-0.425,-0.336,0.091,-0.091,0.408,5437,4827;
41536,0.105,1.218,-0.091,-0.435,-0.567,-0.460,0.091,-0.091,0.408,5453,4854;
41556,0.090,1.293,0.024,-0.204,-0.605,-0.578,0.182,-0.091,-0.306,5465,4855;
41586,0.049,1.226,0.161,-0.197,-0.449,-0.724,0.182,-0.091,-0.306,5498,4826;
41616,-0.038,1.324,0.238,0.153,-0.225,-0.951,0.182,-0.091,-0.306,5521,4784;
41646,0.038,1.154,0.265,0.528,-0.063,-0.988,0.182,0.818,0.510,5484,4737;
41666,0.196,0.951,0.262,0.523,-0.289,-0.716,0.182,0.818,0.510,5437,4689;
41696,0.199,0.714,0.283,0.010,-0.444,-0.443,0.182,0.818,0.510,5396,4658;
41726,0.245,0.722,0.314,-0.217,-0.733,-0.291,0.000,0.364,-1.224,5398,4634;
41756,0.309,0.902,0.311,-0.267,-0.745,-0.171,0.000,0.364,-1.224,5438,4621;
41776,0.263,1.030,0.279,-0.217,-0.742,-0.134,0.182,0.091,-0.204,5464,4609;
41806,0.196,1.045,0.272,-0.049,-0.625,-0.134,0.182,0.091,-0.204,5455,4602;
41836,0.188,0.981,0.220,-0.246,-0.532,0.052,-0.364,0.000,-0.714,5451,4601;
41866,0.173,1.169,0.248,-0.057,-0.512,0.183,-0.364,0.000,-0.714,5448,4590;
41886,0.169,1.019,0.258,0.038,-0.576,0.361,-0.364,0.000,-0.714,5443,4579;
41916,0.090,0.959,0.094,0.323,-0.197,0.312,0.000,-0.182,-0.306,5426,4562;
41946,0.169,0.872,0.217,0.058,-0.634,0.346,0.000,-0.182,-0.306,5386,4530;
41966,0.109,0.966,0.024,0.047,-0.255,0.362,-0.182,-0.909,-0.306,5358,4505;
41996,0.090,0.872,0.056,-0.011,-0.220,0.299,-0.182,-0.909,-0.306,5331,4458;
42026,0.109,0.989,0.056,-0.102,-0.217,0.238,-0.182,-0.909,-0.306,5329,4459;
42046,0.105,0.940,0.021,0.100,-0.171,0.158,-0.091,-0.182,-0.714,5323,4436;
42076,0.105,0.902,-0.003,0.073,-0.144,0.072,-0.091,-0.182,-0.714,5316,4422;
42106,0.098,0.861,-0.045,0.019,-0.040,0.015,-0.091,-0.091,-0.102,5320,4406;
42136,0.132,0.974,-0.150,0.219,0.091,-0.066,-0.091,-0.091,-0.102,5313,4380;
42156,0.090,1.132,-0.133,0.509,0.205,-0.095,-0.091,-0.091,-0.102,5313,4374;
42186,0.072,0.948,0.007,0.242,0.475,0.085,-0.091,0.000,-0.408,5314,4373;
42216,0.166,1.030,-0.059,0.131,0.534,0.209,-0.091,0.000,-0.408,5317,4371;
42246,0.230,1.087,-0.129,0.491,0.545,0.295,0.091,0.091,0.714,5329,4380;
42266,0.207,1.038,-0.182,0.323,0.869,0.416,0.091,0.091,0.714,5342,4378;
42296,0.162,1.034,-0.143,0.312,0.943,0.455,0.091,0.091,0.714,5352,4419;
42326,0.312,1.075,-0.056,-0.022,1.166,0.574,-0.273,0.000,-0.306,5358,4464;
42356,0.459,1.162,0.063,-0.353,0.809,0.714,-0.273,0.000,-0.306,5355,4537;
42376,0.738,1.312,0.342,-0.472,0.487,0.971,0.000,-0.091,-0.204,5339,4551;
42406,0.629,1.873,0.349,1.350,-0.571,0.792,0.000,-0.091,-0.204,5337,4517;
42436,0.098,0.876,0.444,1.141,0.305,0.505,0.000,-0.091,-0.204,5342,4475;
42466,-0.038,0.624,0.241,0.340,0.713,0.143,-0.091,-0.091,0.102,5344,4524;
42496,0.030,0.444,0.384,-0.657,0.914,0.058,-0.091,-0.091,0.102,5309,4612;
42526,0.316,0.974,0.276,-0.622,0.606,-0.053,-0.091,0.000,-0.408,5264,4668;
42556,0.486,1.173,0.248,-0.204,-0.147,-0.311,-0.091,0.000,-0.408,5243,4677;
42576,0.369,1.004,0.227,0.120,-0.449,-0.516,0.000,0.091,0.102,5252,4664;
42606,0.271,0.940,0.213,-0.075,-0.412,-0.617,0.000,0.091,0.102,5255,4660;
42626,0.188,0.966,0.199,0.044,-0.348,-0.628,0.000,0.091,0.102,5243,4652;
42656,0.124,0.921,0.196,-0.090,-0.172,-0.597,0.000,-0.091,-1.837,5225,4651;
42686,0.056,0.948,0.168,-0.163,-0.018,-0.543,0.000,-0.091,-1.837,5189,4571;
42716,0.072,0.966,0.119,-0.169,0.024,-0.511,0.000,0.091,-25.714,5209,4622;
42746,0.181,1.004,0.077,-0.125,-0.076,-0.395,-0.091,0.091,0.408,5198,4603;
42766,0.226,0.996,0.045,-0.069,-0.008,-0.416,-0.091,0.091,0.408,5183,4595;
42796,0.256,1.004,0.077,0.091,-0.413,-0.421,-0.091,0.091,-0.408,5157,4585;
42826,0.241,0.936,0.021,-0.028,-0.317,-0.335,-0.091,0.091,-0.408,5126,4573;
42856,0.192,0.933,-0.003,-0.046,-0.310,-0.229,-0.182,0.182,-0.612,5130,4574;
42876,0.181,0.948,-0.003,-0.084,-0.378,-0.182,-0.182,0.182,-0.612,5126,4573;
42906,0.158,0.948,-0.003,-0.106,-0.450,-0.155,-0.182,0.182,-0.612,5130,4588;
42936,0.143,0.966,-0.024,-0.107,-0.559,-0.155,0.091,-0.091,-0.306,5138,4596;
42966,0.124,1.015,-0.017,-0.117,-0.658,-0.163,0.091,-0.091,-0.306,5168,4609;
42986,0.094,0.959,0.003,-0.188,-0.647,-0.146,-0.091,-0.182,0.000,5198,4619;
43026,0.102,0.966,0.024,-0.248,-0.686,-0.106,-0.091,-0.182,0.000,5229,4623;
43046,0.083,1.049,0.010,-0.296,-0.875,-0.138,-0.091,-0.182,0.000,5251,4615;
43076,0.102,1.143,-0.080,-0.219,-1.024,-0.262,0.091,0.091,-0.408,5257,4612;
43096,0.143,1.166,-0.077,-0.220,-1.129,-0.403,0.091,0.091,-0.408,5257,4610;
43136,0.102,1.192,-0.070,-0.204,-1.214,-0.504,-0.182,-0.091,-0.204,5286,4614;
43166,0.034,1.121,0.021,-0.263,-1.030,-0.470,-0.182,-0.091,-0.204,5326,4621;
43186,0.000,1.177,0.147,-0.436,-0.724,-0.550,-0.182,0.182,-0.306,5361,4617;
43216,-0.041,1.293,0.203,-0.358,-0.464,-0.687,0.000,0.182,-0.306,5396,4614;
43246,0.117,1.286,0.325,0.007,-0.352,-0.612,0.000,0.182,-0.306,5378,4582;
43276,0.282,1.034,0.300,0.333,-0.561,-0.381,0.091,0.091,-0.102,5347,4559;
43296,0.275,0.647,0.311,0.180,-0.516,-0.237,0.091,0.091,-0.102,5323,4539;
43326,0.297,0.632,0.227,-0.063,-0.317,-0.052,0.091,-0.455,-0.918,5346,4505;
43356,0.211,0.835,0.213,-0.118,-0.025,0.137,0.091,-0.455,-0.918,5417,4471;
43386,0.139,1.045,0.182,0.010,0.086,0.143,0.091,-0.455,-0.918,5439,4454;
43406,0.173,1.072,0.143,0.340,0.096,0.119,0.000,-0.273,-0.510,5429,4443;
43446,0.226,0.989,0.157,0.095,0.334,0.232,0.000,-0.273,-0.510,5408,4439;
43466,0.226,1.034,0.210,0.361,0.285,0.255,0.091,-0.273,-0.408,5393,4430;
43496,0.252,0.895,0.213,0.294,0.365,0.222,0.091,-0.273,-0.408,5369,4415;
43516,0.282,0.906,0.175,0.138,0.356,0.272,0.091,-0.273,-0.408,5344,4411;
43556,0.290,0.891,0.080,0.149,0.053,0.174,0.182,0.091,-0.408,5319,4395;
43576,0.226,0.925,-0.035,-0.107,0.134,0.202,0.182,0.091,-0.408,5284,4387;
43606,0.233,0.974,0.021,0.062,-0.297,0.096,0.000,0.000,0.000,5269,4380;
43636,0.087,0.940,-0.021,-0.096,0.282,0.127,0.000,0.000,0.000,5257,4370;
43656,0.105,0.985,-0.010,-0.012,0.050,-0.016,0.000,0.000,0.000,5256,4370;
43686,0.072,0.959,-0.049,-0.021,0.373,-0.053,-0.091,0.091,1.429,5254,4362;
43716,0.120,0.944,-0.045,0.056,0.329,-0.073,-0.091,0.091,1.429,5259,4367;
43746,0.158,0.940,-0.112,0.057,0.617,-0.096,-0.182,-1.000,-0.612,5275,4365;
43766,0.188,0.989,-0.147,0.169,0.722,-0.093,-0.182,-1.000,-0.612,5297,4372;
43796,0.169,1.011,-0.112,0.130,0.584,-0.141,-0.182,-1.000,-0.612,5314,4381;
43826,0.218,1.057,-0.049,0.022,0.582,-0.087,0.000,-0.091,-0.510,5320,4387;
43856,0.320,1.000,-0.017,0.199,0.364,-0.146,0.000,-0.091,-0.510,5314,4403;
43876,0.192,1.199,-0.286,0.124,0.809,-0.092,0.182,-0.091,-0.204,5307,4412;
43906,0.124,1.237,-0.258,0.630,0.834,-0.007,0.182,-0.091,-0.204,5304,4420;
43926,0.173,1.011,-0.171,0.330,1.150,0.172,0.182,-0.091,-0.204,5307,4475;
43956,0.294,1.045,-0.154,0.391,1.051,0.331,0.273,-0.182,-0.306,5311,4553;
43976,0.429,1.011,0.119,-0.460,1.308,0.662,0.273,-0.182,-0.306,5317,4656;
44006,0.704,1.418,0.349,-0.606,0.647,1.134,0.091,0.091,-0.306,5314,4717;
44036,0.346,1.692,0.492,2.147,-0.267,0.857,0.091,0.091,-0.306,5308,4625;
44066,-0.102,0.361,0.451,0.138,1.646,0.444,0.091,0.091,-0.306,5346,4619;
44086,0.068,0.989,0.262,0.716,0.607,0.234,-0.091,0.000,-0.306,5328,4642;
44116,0.233,0.914,0.262,0.137,0.222,-0.089,-0.091,0.000,-0.306,5257,4642;
44146,0.444,1.237,0.168,0.481,-0.509,-0.408,0.182,0.000,-0.306,5162,4656;
44176,0.448,0.914,0.224,-0.010,-0.595,-0.563,0.182,0.000,-0.306,5090,4657;
44196,0.335,0.842,0.224,-0.345,-0.983,-0.556,0.182,0.000,-0.306,5086,4663;
44226,0.230,0.985,0.073,-0.319,-0.879,-0.582,0.000,-0.091,-0.204,5092,4662;
44256,0.030,0.887,0.098,-0.515,-0.731,-0.620,0.000,-0.091,-0.204,5110,4682;
44286,-0.041,0.981,0.094,-0.566,-0.662,-0.613,0.000,0.091,-0.204,5116,4698;
44306,-0.004,0.981,0.077,-0.637,-0.527,-0.591,0.000,0.091,-0.204,5110,4698;
44336,0.154,1.004,0.049,-0.489,-0.432,-0.511,0.000,0.091,-0.204,5114,4665;
44366,0.237,1.045,0.031,-0.200,-0.539,-0.416,0.000,-0.182,-0.204,5112,4634;
44386,0.230,0.959,-0.003,-0.189,-0.613,-0.330,0.000,-0.182,-0.204,5107,4637;
44416,0.143,0.910,0.010,-0.240,-0.533,-0.231,0.182,0.909,-1.735,5115,4637;
44446,0.154,0.978,-0.056,-0.188,-0.557,-0.138,0.182,0.909,-1.735,5115,4649;
44466,0.143,0.993,-0.052,-0.214,-0.577,-0.132,0.182,0.909,-1.735,5141,4656;
44496,0.136,0.974,-0.035,-0.186,-0.688,-0.140,-0.091,0.000,-0.408,5171,4658;
44516,0.072,1.004,-0.017,-0.226,-0.685,-0.152,-0.091,0.000,-0.408,5193,4636;
44546,0.053,0.948,-0.010,-0.339,-0.583,-0.121,-0.091,0.273,-0.408,5219,4657;
44576,0.056,0.966,0.010,-0.367,-0.528,-0.097,-0.091,0.273,-0.102,5245,4674;
44596,0.113,1.034,-0.021,-0.381,-0.498,-0.092,-0.091,0.273,-0.102,5268,4697;
44626,0.109,1.060,-0.035,-0.414,-0.612,-0.135,-0.182,-0.182,-0.612,5281,4724;
44656,0.158,1.113,-0.098,-0.459,-0.872,-0.181,-0.182,-0.182,-0.612,5287,4746;
44676,0.151,1.132,-0.115,-0.427,-1.007,-0.261,-0.182,-0.182,-0.612,5318,4752;
44706,0.090,1.094,-0.080,-0.408,-1.003,-0.355,-0.091,0.273,-0.306,5359,4752;
44726,-0.049,1.132,-0.010,-0.236,-0.827,-0.412,-0.091,0.273,-0.306,5394,4740;
44766,-0.045,1.049,0.080,-0.271,-0.659,-0.435,-0.273,0.091,-0.306,5436,4749;
44786,0.015,1.192,0.157,-0.346,-0.313,-0.636,-0.273,0.091,-0.306,5502,4730;
44816,-0.056,1.233,0.346,-0.178,0.024,-0.820,-0.091,0.364,-0.306,5503,4700;
44846,0.203,1.173,0.360,0.365,-0.287,-0.754,-0.091,0.364,-0.306,5465,4654;
44876,0.339,0.624,0.328,-0.008,-0.491,-0.539,-0.091,0.364,-0.306,5426,4634;
44906,0.384,0.741,0.234,-0.215,-0.520,-0.288,0.000,-0.091,-0.306,5427,4616;
44926,0.282,0.985,0.307,-0.254,-0.404,-0.091,0.000,-0.091,-0.306,5452,4585;
44956,0.169,1.177,0.217,0.194,-0.466,0.086,-0.182,0.000,0.000,5480,4568;
44976,0.120,1.000,0.234,0.024,-0.124,0.245,-0.182,0.000,0.000,5475,4554;
45016,0.117,0.985,0.244,0.034,0.015,0.358,-0.182,0.000,0.000,5463,4546;
45046,0.188,0.989,0.178,0.002,-0.085,0.313,0.000,-0.364,-0.306,5433,4516;
45076,0.260,0.966,0.129,0.290,0.007,0.259,0.000,-0.364,-0.306,5414,4501;
45096,0.233,0.921,0.161,0.083,-0.146,0.336,0.182,0.364,-0.306,5387,4475;
45126,0.158,0.948,0.052,0.027,0.015,0.328,0.182,0.364,-0.306,5374,4448;
45156,0.143,0.981,0.105,0.005,-0.015,0.274,0.182,0.364,-0.306,5363,4415;
45186,0.087,1.011,0.049,0.117,0.265,0.231,0.000,0.000,-0.510,5361,4387;
45216,0.087,0.925,0.007,0.163,0.308,0.185,0.000,0.000,-0.510,5358,4369;
45236,0.109,0.887,0.014,0.011,0.357,0.170,-0.182,-0.091,-0.408,5351,4339;
45266,0.113,0.906,-0.007,0.022,0.470,0.115,-0.182,-0.091,-0.408,5355,4349;
45296,0.136,0.887,-0.038,-0.045,0.561,0.078,0.091,0.273,-0.408,5364,4354;
45316,0.196,0.917,-0.112,0.058,0.657,0.038,0.091,0.273,-0.408,5379,4357;
45346,0.222,1.000,-0.112,0.206,0.642,0.023,0.091,0.273,-0.408,5388,4350;
45376,0.124,1.015,-0.049,0.118,0.640,-0.024,-0.091,0.000,-0.816,5392,4351;
45396,0.260,1.136,-0.035,0.091,0.460,0.029,-0.091,0.000,-0.816,5401,4353;
45426,0.297,1.049,-0.066,0.232,0.441,0.154,-0.091,0.000,-0.816,5424,4352;
45466,0.211,1.083,-0.154,0.467,0.760,0.215,-0.091,0.364,-0.918,5442,4335;
45486,0.098,1.064,-0.115,0.464,1.156,0.266,-0.091,0.364,-0.918,5459,4378;
45516,0.335,1.105,-0.080,0.352,1.325,0.386,-0.182,-0.182,-0.510,5452,4412;
45536,0.455,1.199,0.042,-0.061,0.922,0.535,-0.182,-0.182,-0.510,5431,4462;
45576,0.689,1.350,0.286,-0.591,0.685,0.988,0.000,0.273,-0.510,5409,4453;
45596,0.350,1.575,0.437,1.751,-0.305,0.736,0.000,0.273,-0.510,5455,4395;
45626,-0.109,0.331,0.377,0.514,0.863,0.386,0.000,0.273,-0.510,5461,4411;
45656,0.041,0.654,0.300,0.102,0.787,0.017,0.182,0.091,-0.510,5416,4486;
45686,0.241,0.733,0.297,-0.423,0.693,-0.119,0.182,0.091,-0.510,5349,4580;
45706,0.373,1.060,0.217,-0.160,0.274,-0.372,0.000,0.182,-0.306,5262,4616;
45736,0.407,1.143,0.199,0.007,-0.158,-0.531,0.000,0.182,-0.306,5219,4613;
45756,0.297,0.993,0.178,0.005,-0.321,-0.630,0.000,0.182,-0.306,5207,4605;
45786,0.241,0.910,0.220,-0.035,-0.271,-0.589,0.000,-1.000,-0.714,5223,4606;
45816,0.203,0.880,0.150,-0.163,-0.178,-0.521,0.000,-1.000,-0.714,5221,4618;
45836,0.162,0.981,0.129,-0.157,-0.267,-0.515,0.273,0.091,-0.204,5207,4641;
45866,0.113,0.981,0.098,-0.187,-0.199,-0.461,0.273,0.091,-0.204,5187,4657;
45896,0.139,1.011,0.070,-0.125,-0.359,-0.532,0.273,0.091,-0.204,5189,4654;
45916,0.237,0.970,0.094,-0.113,-0.375,-0.481,-0.091,0.000,-0.714,5181,4639;
45956,0.290,0.955,0.073,-0.044,-0.528,-0.426,-0.091,0.000,-0.714,5179,4624;
45986,0.237,0.910,0.024,-0.019,-0.677,-0.335,-0.091,0.364,-0.612,5184,4616;
46016,0.184,0.910,0.024,-0.134,-0.698,-0.263,-0.091,0.364,-0.612,5196,4608;
46046,0.162,0.936,-0.003,-0.141,-0.754,-0.199,-0.091,-0.364,-0.510,5211,4605;
46076,0.113,0.981,-0.021,-0.168,-0.781,-0.147,-0.091,-0.364,-0.510,5234,4614;
46096,0.041,0.963,0.003,-0.225,-0.793,-0.142,-0.091,-0.364,-0.510,5269,4620;
46126,0.049,0.959,0.003,-0.300,-0.783,-0.126,0.000,0.182,-0.306,5301,4632;
46146,0.083,1.019,0.014,-0.338,-0.711,-0.119,0.000,0.182,-0.306,5323,4648;
46186,0.102,1.075,0.007,-0.338,-0.752,-0.103,0.182,-1.091,-1.837,5355,4654;
46206,0.060,1.113,-0.028,-0.270,-0.873,-0.227,0.182,-1.091,-1.837,5378,4656;
46236,0.117,1.199,-0.108,-0.191,-1.019,-0.372,0.182,-1.091,-1.837,5393,4661;
46266,0.128,1.169,-0.091,-0.119,-1.087,-0.482,-0.091,0.091,-0.204,5433,4654;
46296,0.094,1.158,-0.080,0.023,-1.047,-0.557,-0.091,0.091,-0.204,5488,4656;
46316,-0.008,1.169,0.063,0.010,-0.857,-0.681,-0.091,-0.182,-0.918,5538,4643;
46346,-0.015,1.132,0.210,0.034,-0.534,-0.812,-0.091,-0.182,-0.918,5574,4614;
46366,-0.090,1.075,0.363,-0.158,-0.322,-0.888,-0.091,-0.182,-0.918,5559,4572;
46396,0.399,0.887,0.377,0.144,-0.688,-0.783,0.273,-0.182,-0.612,5553,4518;
46426,0.422,0.669,0.251,-0.266,-0.545,-0.515,0.273,-0.182,-0.612,5570,4486;
46456,0.245,1.068,0.206,-0.221,-0.321,-0.259,0.091,0.000,-0.102,5597,4465;
46486,0.079,1.233,0.213,0.075,-0.068,-0.030,0.091,0.000,-0.102,5635,4434;
46506,0.072,1.151,0.136,0.669,0.029,0.240,0.091,0.000,-0.102,5680,4423;
46536,0.109,0.891,0.231,0.248,0.528,0.300,0.000,0.182,-0.204,5667,4417;
46566,0.230,0.948,0.196,0.351,0.555,0.358,0.000,0.182,-0.204,5615,4414;
46596,0.241,0.842,0.192,0.125,0.571,0.409,-0.091,0.636,-0.102,5565,4421;
46626,0.248,0.891,0.108,0.029,0.469,0.347,-0.091,0.636,-0.102,5528,4424;
46646,0.260,0.861,0.122,-0.246,0.498,0.348,-0.091,0.636,-0.102,5502,4420;
46676,0.275,0.963,0.087,0.004,0.214,0.225,-0.273,0.000,-0.612,5469,4422;
46706,0.237,0.974,0.045,-0.050,0.276,0.168,-0.273,0.000,-0.612,5469,4421;
46726,0.105,0.955,0.052,0.012,0.240,0.074,0.091,-0.091,0.102,5450,4416;
46756,0.068,0.921,0.024,-0.012,0.336,-0.001,0.091,-0.091,0.102,5429,4415;
46786,0.105,0.929,0.007,-0.041,0.397,-0.005,0.091,-0.091,0.102,5412,4408;
46806,0.181,0.891,-0.035,-0.004,0.321,0.057,-0.182,0.091,-0.408,5417,4405;
46836,0.267,1.030,-0.133,-0.025,0.398,0.008,-0.182,0.091,-0.408,5417,4400;
46866,0.218,1.098,-0.136,0.271,0.311,-0.069,0.091,0.000,-0.306,5414,4398;
46896,0.147,0.959,-0.059,0.180,0.385,-0.098,0.091,0.000,-0.306,5410,4411;
46916,0.226,0.944,-0.063,-0.067,0.425,-0.017,0.091,0.182,-0.306,5407,4420;
46946,0.252,1.038,-0.056,-0.058,0.440,0.066,-0.091,0.182,0.000,5417,4429;
46966,0.203,1.060,-0.105,0.110,0.481,0.092,-0.091,0.182,0.000,5424,4428;
47006,0.109,1.098,-0.206,0.169,0.748,0.134,0.000,0.000,-0.408,5425,4454;
47026,0.158,1.049,-0.185,0.210,0.889,0.220,0.000,0.000,-0.408,5422,4502;
47056,0.297,1.083,-0.105,0.045,0.999,0.402,0.000,0.000,-0.408,5408,4579;
47076,0.354,1.117,0.042,-0.217,0.940,0.707,0.273,0.091,-0.408,5395,4659;
47106,0.696,1.444,0.279,-0.478,0.707,1.105,0.273,0.091,-0.408,5401,4730;
47136,0.546,1.718,0.342,1.327,-0.503,0.979,0.091,1.000,-0.102,5420,4682;
47156,0.181,0.643,0.321,0.514,0.239,0.537,0.091,1.000,-0.102,5427,4642;
47196,0.158,0.658,0.297,0.352,0.220,0.203,0.091,1.000,-0.102,5414,4695;
47216,0.102,0.643,0.297,-0.506,0.232,-0.089,-0.091,0.091,-0.204,5369,4775;
47246,0.309,1.121,0.276,-0.294,-0.244,-0.237,-0.091,0.091,-0.204,5334,4805;
47276,0.399,1.098,0.262,-0.166,-0.515,-0.373,0.000,-0.091,-0.102,5313,4801;
47306,0.395,0.963,0.234,-0.086,-1.007,-0.580,0.000,-0.091,-0.102,5322,4802;
47336,0.282,0.929,0.231,-0.311,-0.786,-0.663,0.091,0.091,-0.306,5320,4802;
47356,0.139,1.023,0.189,-0.121,-0.758,-0.720,0.091,0.091,-0.306,5313,4806;
47386,0.034,0.981,0.189,-0.346,-0.720,-0.680,0.091,0.091,-0.306,5300,4807;
47416,0.053,0.966,0.178,-0.304,-0.593,-0.671,0.091,0.091,0.102,5294,4801;
47446,0.158,0.940,0.112,-0.323,-0.509,-0.576,0.091,0.091,0.102,5291,4789;
47466,0.211,0.981,0.105,-0.345,-0.455,-0.460,0.000,-0.091,-0.204,5282,4767;
47496,0.188,0.996,0.098,-0.140,-0.623,-0.441,0.000,-0.091,-0.204,5281,4750;
47526,0.173,0.966,0.045,-0.098,-0.645,-0.410,0.000,-0.091,-0.204,5280,4733;
47546,0.143,0.917,0.014,-0.166,-0.452,-0.330,0.000,0.182,-0.408,5273,4718;
47576,0.120,0.985,0.014,-0.022,-0.340,-0.299,0.000,0.182,-0.408,5264,4707;
47606,0.136,0.970,-0.003,0.033,-0.305,-0.267,0.182,0.091,-0.612,5237,4695;
47626,0.139,0.936,-0.031,-0.024,-0.397,-0.216,0.182,0.091,-0.612,5255,4689;
47656,0.124,0.966,-0.010,-0.098,-0.488,-0.185,0.182,0.091,-0.612,5244,4632;
47686,0.154,0.940,0.007,-0.154,-0.577,-0.180,0.182,0.545,-0.204,5267,4673;
47716,0.169,0.989,-0.031,-0.175,-0.698,-0.121,0.182,0.545,-0.204,5283,4680;
47736,0.128,0.966,-0.007,-0.294,-0.677,-0.084,0.091,-0.182,-0.204,5297,4683;
47766,0.098,0.985,0.000,-0.327,-0.702,-0.079,0.091,-0.182,-0.204,5319,4685;
47786,0.094,1.000,-0.010,-0.310,-0.736,-0.126,0.091,-0.182,-0.204,5338,4685;
47816,0.113,1.083,-0.115,-0.352,-0.812,-0.151,0.182,0.364,-0.612,5349,4681;
47836,0.083,1.181,-0.115,-0.363,-0.954,-0.210,0.182,0.364,-0.612,5366,4679;
47866,0.008,1.162,-0.073,-0.305,-0.960,-0.333,0.182,0.364,-0.612,5385,4674;
47896,0.000,1.173,-0.021,-0.169,-0.828,-0.458,0.091,0.000,0.000,5412,4675;
47926,0.000,1.090,0.066,-0.514,-0.498,-0.667,0.091,0.000,0.000,5471,4657;
47956,0.015,1.335,0.136,-0.053,-0.312,-0.873,0.273,0.000,-0.204,5502,4651;
47986,0.011,1.199,0.234,0.141,-0.217,-0.943,0.273,0.000,-0.204,5481,4637;
48006,0.324,0.921,0.255,0.419,-0.620,-0.743,0.273,0.000,-1.122,5442,4610;
48036,0.312,0.613,0.318,0.022,-0.864,-0.477,0.273,0.000,-1.122,5460,4587;
48066,0.290,0.654,0.265,-0.257,-0.718,-0.314,0.273,0.000,-1.122,5491,4569;
48096,0.263,1.027,0.269,-0.322,-0.569,-0.119,0.091,0.091,-0.408,5533,4543;
48116,0.147,1.263,0.255,0.137,-0.572,0.062,0.091,0.091,-0.408,5553,4534;
48146,0.060,1.075,0.272,0.368,-0.307,0.177,0.000,-0.364,-0.408,5543,4524;
48166,0.075,0.936,0.255,0.113,-0.157,0.237,0.000,-0.364,-0.408,5528,4516;
48196,0.199,1.068,0.171,0.001,-0.336,0.293,0.000,-0.364,-0.408,5507,4502;
48226,0.241,1.015,0.101,0.319,-0.387,0.291,0.000,0.000,-0.408,5477,4472;
48256,0.252,0.880,0.087,0.165,-0.501,0.317,0.000,0.000,-0.408,5438,4454;
48286,0.207,0.887,0.091,-0.117,-0.539,0.353,0.091,0.091,-0.204,5418,4432;
48306,0.132,0.989,0.073,-0.089,-0.345,0.345,0.091,0.091,-0.204,5414,4393;
48336,0.038,1.038,0.042,-0.029,-0.121,0.338,0.091,0.091,-0.204,5412,4377;
48366,0.000,1.015,0.038,0.164,-0.007,0.273,0.000,0.000,-0.102,5410,4354;
48386,0.000,0.959,0.000,0.108,0.197,0.236,0.000,0.000,-0.102,5404,4338;
48416,0.075,0.865,-0.010,0.051,0.302,0.194,-0.091,-0.182,-0.408,5404,4331;
48446,0.109,0.861,-0.052,-0.068,0.495,0.137,-0.091,-0.182,-0.408,5409,4336;
48466,0.139,0.906,-0.070,-0.028,0.571,0.069,-0.091,-0.182,-0.408,5406,4339;
48496,0.222,1.000,-0.122,0.119,0.611,0.063,-0.091,-0.091,0.000,5402,4345;
48526,0.158,0.981,-0.007,0.070,0.499,0.045,-0.091,-0.091,0.000,5399,4360;
48546,0.192,1.019,0.007,-0.008,0.418,0.072,0.000,0.091,-0.816,5412,4363;
48576,0.215,1.042,-0.070,0.059,0.406,0.104,0.000,0.091,-0.816,5419,4363;
48606,0.267,1.060,-0.175,0.152,0.424,0.172,0.000,0.091,-0.816,5434,4360;
48636,0.192,1.136,-0.213,0.183,0.665,0.345,0.000,0.545,1.122,5470,4395;
48666,0.184,1.102,-0.098,0.140,0.834,0.442,0.000,0.545,1.122,5480,4432;
48706,0.369,1.181,-0.017,0.239,0.838,0.443,-0.091,-0.091,-1.020,5483,4514;
48726,0.440,1.173,0.171,-0.041,0.727,0.676,-0.091,-0.091,-1.020,5455,4570;
48756,0.636,1.406,0.304,0.103,0.075,0.845,0.091,0.273,-0.612,5448,4533;
48776,0.354,1.230,0.325,1.450,-0.262,0.767,0.091,0.273,-0.612,5497,4446;
48806,0.026,0.628,0.234,0.673,0.652,0.534,0.091,0.273,-0.612,5504,4429;
48836,0.068,0.729,0.290,0.421,0.679,0.210,0.182,-0.091,0.000,5474,4508;
48866,0.158,0.790,0.265,-0.148,0.698,0.104,0.182,-0.091,0.000,5433,4570;
48896,0.256,1.019,0.244,-0.153,0.449,-0.086,0.091,-0.182,-0.102,5394,4591;
48926,0.369,1.064,0.227,0.045,0.240,-0.267,0.091,-0.182,-0.102,5357,4589;
48946,0.320,0.974,0.220,0.129,0.146,-0.442,0.091,-0.182,-0.102,5349,4596;
48976,0.245,0.933,0.199,0.055,0.228,-0.527,-0.091,0.273,0.204,5342,4605;
49006,0.166,0.884,0.189,-0.049,0.511,-0.583,-0.091,0.273,0.204,5326,4620;
49036,0.128,1.011,0.112,0.016,0.437,-0.534,0.000,0.091,-0.510,5302,4615;
49056,0.109,1.042,0.073,0.029,0.489,-0.435,0.000,0.091,-0.510,5306,4589;
49086,0.222,0.959,0.087,0.000,0.435,-0.460,0.000,0.091,-0.510,5300,4562;
49116,0.309,0.989,0.059,0.018,0.278,-0.483,-0.273,-0.273,0.000,5286,4547;
49136,0.309,0.917,0.035,-0.109,0.151,-0.478,-0.273,-0.273,0.000,5250,4552;
49166,0.282,0.959,-0.007,-0.069,-0.102,-0.450,-0.182,0.000,-0.306,5248,4556;
49196,0.252,0.948,-0.049,-0.023,-0.177,-0.376,-0.182,0.000,-0.306,5231,4560;
49226,0.218,0.891,-0.028,-0.011,-0.185,-0.291,-0.182,0.000,-0.306,5223,4563;
49256,0.181,0.948,-0.084,-0.063,-0.402,-0.212,0.000,-0.091,-0.510,5228,4570;
49276,0.173,0.970,-0.084,-0.070,-0.573,-0.188,0.000,-0.091,-0.510,5236,4567;
49306,0.075,1.000,-0.031,-0.202,-0.665,-0.220,0.091,-0.091,-0.102,5242,4568;
49336,0.124,1.105,-0.028,-0.093,-0.781,-0.329,0.091,-0.091,-0.102,5256,4566;
49366,0.117,1.045,-0.028,-0.151,-0.840,-0.409,0.091,-0.091,-0.102,5262,4564;
49386,0.026,1.038,-0.045,-0.166,-0.843,-0.480,0.091,-0.091,-0.102,5264,4562;
49416,-0.004,1.034,-0.073,-0.317,-0.790,-0.512,0.091,-0.091,-0.102,5270,4578;
49446,0.004,1.162,-0.073,-0.476,-0.823,-0.455,-0.182,0.091,-0.204,5288,4596;
49476,0.041,1.233,-0.007,-0.193,-0.699,-0.448,-0.182,0.091,-0.204,5334,4625;
49516,-0.045,1.117,0.157,-0.433,-0.295,-0.596,0.091,0.182,-0.102,5382,4640;
49536,-0.102,1.143,0.238,-0.080,0.079,-0.725,0.091,0.182,-0.102,5378,4646;
49566,0.072,1.068,0.248,-0.006,0.073,-0.667,0.091,0.182,-0.102,5338,4630;
49586,0.290,0.914,0.227,-0.011,-0.174,-0.457,0.000,0.091,-0.408,5307,4607;
49616,0.316,0.767,0.311,-0.149,-0.448,-0.310,0.000,0.091,-0.408,5306,4579;
49646,0.335,0.846,0.248,-0.396,-0.335,-0.142,0.273,0.091,-0.408,5366,4556;
49676,0.222,1.154,0.241,-0.183,-0.186,0.022,0.273,0.091,-0.408,5430,4546;
49706,0.151,1.105,0.255,-0.016,-0.114,0.121,-0.091,0.818,-0.102,5439,4512;
49736,0.117,1.049,0.213,-0.019,0.067,0.253,-0.091,0.818,-0.102,5455,4527;
49766,0.203,1.042,0.224,0.010,-0.010,0.403,-0.091,0.818,-0.102,5439,4509;
49786,0.267,0.966,0.199,0.102,-0.104,0.403,-0.091,-0.091,-0.102,5422,4498;
49816,0.309,0.925,0.112,0.100,-0.210,0.406,-0.091,-0.091,-0.102,5396,4450;
49856,0.267,0.887,0.178,-0.115,-0.357,0.407,-0.091,-0.636,-1.939,5396,4465;
49876,0.230,0.955,0.056,0.151,-0.193,0.327,-0.091,-0.636,-1.939,5367,4450;
49916,0.230,0.966,0.070,-0.052,-0.407,0.238,-0.091,0.091,-0.612,5346,4403;
49936,0.117,0.959,0.105,-0.052,-0.268,0.096,-0.091,0.091,-0.612,5331,4374;
49966,0.068,0.951,0.010,-0.042,0.021,0.035,-0.091,0.091,-0.612,5306,4355;
49986,0.113,0.921,0.021,-0.138,0.049,0.030,-0.091,0.000,-0.612,5290,4344;
50026,0.109,0.951,-0.021,-0.055,0.237,-0.011,-0.091,0.000,-0.612,5284,4334;
50046,0.132,0.936,-0.035,0.024,0.406,-0.028,0.000,0.091,1.429,5290,4319;
50076,0.147,0.966,-0.059,0.146,0.546,-0.076,0.000,0.091,1.429,5298,4338;
50106,0.151,0.944,-0.035,0.138,0.622,-0.085,0.000,0.091,1.429,5301,4353;
50136,0.151,0.963,0.024,-0.042,0.537,-0.084,0.182,-0.182,-0.102,5320,4378;
50156,0.230,0.966,0.028,-0.066,0.487,-0.023,0.182,-0.182,-0.102,5330,4392;
50186,0.245,0.989,-0.007,-0.120,0.556,0.028,0.182,0.091,-0.306,5372,4399;
50216,0.207,1.188,-0.154,0.038,0.560,0.112,0.182,0.091,-0.306,5404,4406;
50246,0.143,1.083,-0.136,0.058,0.804,0.227,0.091,0.909,0.408,5429,4480;
50276,0.294,1.090,-0.091,-0.022,0.964,0.316,0.091,0.909,0.408,5444,4539;
50306,0.373,1.184,-0.042,0.291,0.784,0.291,0.091,0.909,0.408,5462,4624;
50336,0.444,1.034,0.161,-0.109,0.753,0.498,-0.091,-0.273,0.306,5451,4736;
50366,0.659,1.252,0.325,0.229,0.287,0.677,-0.091,-0.273,0.306,5395,4725;
50386,0.516,1.230,0.381,1.087,-0.064,0.795,0.000,0.000,-0.102,5373,4658;
50416,0.113,0.963,0.311,0.586,0.770,0.983,0.000,0.000,-0.102,5368,4598;
50446,-0.173,0.613,0.388,0.799,0.789,0.626,0.000,0.000,-0.102,5353,4636;
50476,0.230,0.729,0.451,-0.363,0.409,0.189,-0.182,0.091,-0.204,5314,4711;
50506,0.527,0.966,0.342,-0.170,-0.120,-0.098,-0.182,0.091,-0.204,5270,4752;
50536,0.550,1.075,0.276,-0.291,-0.410,-0.582,0.000,0.091,0.000,5207,4815;
50566,0.245,1.019,0.248,0.061,-0.754,-0.754,0.000,0.091,0.000,5196,4827;
50586,0.245,1.000,0.224,0.042,-0.800,-0.764,-0.182,-0.182,0.204,5203,4817;
50616,0.169,0.944,0.147,0.081,-0.737,-0.761,-0.182,-0.182,0.204,5201,4821;
50646,0.192,0.921,0.168,0.039,-0.771,-0.787,-0.182,-0.182,0.204,5197,4829;
50676,0.143,0.985,0.157,-0.034,-0.748,-0.705,0.000,0.182,-0.306,5173,4832;
50696,0.128,0.974,0.136,0.055,-0.798,-0.657,0.000,0.182,-0.306,5174,4812;
50736,0.218,1.000,0.136,0.113,-0.739,-0.590,0.091,0.273,-0.102,5163,4773;
50756,0.211,0.940,0.084,0.135,-0.766,-0.460,0.091,0.273,-0.102,5145,4753;
50786,0.196,1.000,0.038,0.290,-0.932,-0.475,0.091,0.273,-0.102,5125,4738;
50806,0.188,1.053,0.031,0.378,-0.959,-0.484,0.091,0.182,0.000,5095,4715;
50846,0.203,1.045,0.042,0.384,-0.988,-0.458,0.091,0.182,0.000,5060,4694;
50866,0.158,0.966,0.028,0.165,-1.056,-0.402,0.182,0.000,0.000,5043,4675;
50896,0.113,0.978,0.045,-0.042,-1.070,-0.342,0.182,0.000,0.000,5052,4681;
50926,0.087,0.993,0.000,-0.127,-1.025,-0.242,0.182,0.000,0.000,5079,4682;
