122242,0.102,1.008,0.059,0.006,-0.066,0.016,-0.182,0.000,-0.204,5713,4740;
122253,0.105,1.011,0.056,-0.008,-0.078,0.018,-0.182,0.000,-0.204,5712,4740;
122257,0.105,1.004,0.063,0.006,-0.079,0.021,-0.182,0.000,-0.204,5713,4733;
122260,0.105,1.019,0.073,-0.005,-0.089,0.019,-0.182,0.000,-0.204,5718,4719;
122293,0.098,1.004,0.059,-0.002,-0.084,0.023,-0.091,1.091,-0.408,5716,4733;
122323,0.102,1.008,0.063,0.001,-0.087,0.018,-0.091,1.091,-0.408,5716,4744;
122343,0.105,1.015,0.066,-0.002,-0.083,0.017,-0.091,0.273,-0.306,5715,4742;
122373,0.098,1.008,0.066,-0.012,-0.073,0.013,-0.091,0.273,-0.306,5714,4736;
122403,0.094,1.011,0.059,-0.005,-0.068,0.017,0.000,0.091,-0.408,5712,4742;
122433,0.105,1.011,0.056,0.000,-0.073,0.016,0.000,0.091,-0.408,5711,4743;
122453,0.098,1.008,0.056,-0.001,-0.069,0.016,0.000,0.091,-0.408,5713,4742;
122483,0.098,1.011,0.056,0.006,-0.061,0.012,-0.091,0.000,-0.612,5712,4742;
122523,0.102,1.008,0.056,0.002,-0.062,0.013,-0.091,0.000,-0.612,5712,4735;
122543,0.102,1.011,0.063,-0.001,-0.058,0.007,0.000,0.182,-0.408,5711,4704;
122573,0.098,1.011,0.059,-0.002,-0.061,0.007,0.000,0.182,-0.408,5710,4741;
122603,0.098,1.008,0.059,-0.006,-0.051,0.012,0.000,0.182,-0.408,5710,4740;
122633,0.105,1.011,0.066,-0.002,-0.063,0.021,-0.091,0.091,0.000,5709,4739;
122653,0.094,1.004,0.070,-0.023,-0.073,0.011,-0.091,0.091,0.000,5711,4740;
122683,0.098,1.015,0.056,-0.012,-0.075,0.015,-0.091,0.000,-0.714,5711,4739;
122703,0.102,1.008,0.063,-0.001,-0.075,0.011,-0.091,0.000,-0.714,5711,4733;
122733,0.094,1.015,0.059,-0.002,-0.078,0.016,-0.091,0.000,-0.714,5711,4718;
122763,0.087,1.011,0.063,-0.015,-0.089,0.013,0.000,-0.091,0.102,5714,4730;
122793,0.090,1.015,0.056,0.001,-0.085,0.019,0.000,-0.091,0.102,5714,4713;
122823,0.072,1.004,0.066,0.004,-0.081,0.017,-0.273,-0.091,-0.102,5717,4737;
122843,0.083,1.015,0.066,-0.010,-0.076,0.017,-0.273,-0.091,-0.102,5718,4735;
122873,0.090,1.030,0.063,0.015,-0.096,0.021,-0.273,-0.091,-0.102,5718,4733;
122903,0.102,1.015,0.059,0.018,-0.090,0.032,0.273,0.182,-0.102,5721,4718;
122933,0.105,1.011,0.049,0.028,-0.103,0.047,0.273,0.182,-0.102,5725,4695;
122953,0.090,1.008,0.052,0.057,-0.110,0.051,0.091,0.182,0.000,5728,4687;
122983,0.083,1.000,0.052,0.053,-0.087,0.061,0.091,0.182,0.000,5723,4689;
123013,0.079,1.000,0.045,0.021,-0.080,0.070,0.091,0.182,0.000,5720,4691;
123033,0.083,0.985,0.052,-0.033,-0.068,0.086,-0.273,0.000,-0.102,5720,4715;
123063,0.098,1.019,0.045,0.004,-0.090,0.095,-0.273,0.000,-0.102,5719,4691;
123083,0.117,1.008,0.059,-0.005,-0.110,0.074,0.000,-0.091,0.102,5720,4718;
123113,0.132,0.989,0.059,-0.025,-0.129,0.083,0.000,-0.091,0.102,5720,4711;
123143,0.105,0.996,0.049,-0.046,-0.152,0.068,-0.182,0.182,-0.408,5718,4715;
123173,0.098,1.027,0.052,0.006,-0.119,0.076,-0.182,0.182,-0.408,5714,4699;
123203,0.117,1.034,0.066,-0.007,-0.123,0.085,-0.182,0.182,-0.408,5718,4584;
123223,0.124,1.000,0.056,-0.023,-0.125,0.079,-0.091,0.727,-0.306,5716,4701;
123253,0.124,1.015,0.059,-0.036,-0.120,0.081,-0.091,0.727,-0.306,5720,4713;
123283,0.117,1.008,0.045,-0.021,-0.130,0.076,-0.091,0.727,-0.306,5727,4710;
123303,0.105,1.011,0.049,-0.018,-0.140,0.073,-0.091,-0.182,-0.102,5731,4695;
123333,0.105,1.023,0.059,-0.001,-0.132,0.076,-0.091,-0.182,-0.102,5730,4694;
123363,0.117,1.019,0.035,0.006,-0.147,0.101,0.273,-0.182,-0.306,5727,4694;
123393,0.109,1.042,0.035,0.036,-0.107,0.100,0.273,-0.182,-0.306,5724,4689;
123423,0.102,1.015,0.122,-0.049,0.134,0.135,-0.091,0.273,1.020,5714,4690;
123443,0.151,1.011,0.157,-0.318,-0.008,0.143,-0.091,0.273,1.020,5690,4694;
123473,0.233,1.034,-0.056,0.340,0.015,0.157,-0.091,0.273,1.020,5669,4658;
123493,0.301,0.925,-0.017,0.391,-0.182,0.074,-0.182,0.000,0.204,5671,4692;
123523,0.181,0.948,0.031,-0.189,-0.497,-0.012,-0.182,0.000,0.204,5670,4647;
123553,0.008,1.132,-0.143,0.340,0.263,-0.011,-0.182,0.000,0.204,5662,4631;
123573,0.000,1.000,-0.073,0.420,0.164,0.032,0.091,0.000,-1.735,5653,4618;
123603,0.117,0.985,0.014,0.222,0.001,0.089,0.091,0.000,-1.735,5641,4580;
123623,0.158,0.978,-0.199,0.333,0.347,0.174,-0.182,-0.091,-0.408,5638,4595;
123653,0.222,1.011,-0.119,0.591,0.188,0.249,-0.182,-0.091,-0.408,5632,4613;
123683,0.147,1.008,-0.080,0.348,0.093,0.180,-0.182,-0.091,-0.408,5619,4640;
123703,0.098,0.970,-0.112,0.385,0.255,0.091,-0.091,0.818,0.306,5610,4659;
123733,0.233,0.959,-0.189,0.482,0.227,0.086,-0.091,0.818,0.306,5608,4653;
123763,0.087,0.978,-0.084,0.539,0.312,0.028,0.091,0.182,1.327,5597,4635;
123783,0.102,0.970,-0.122,0.256,0.317,-0.006,0.091,0.182,1.327,5589,4720;
123823,0.169,0.917,-0.210,0.211,0.501,-0.012,0.091,0.182,1.327,5587,4691;
123853,0.113,0.925,-0.154,0.110,0.491,-0.029,0.000,-0.182,-0.408,5580,4727;
123873,0.218,0.974,-0.265,0.144,0.166,0.005,0.000,-0.182,-0.408,5578,4687;
123903,0.233,1.000,-0.234,0.069,0.147,0.015,-0.182,0.000,-0.408,5573,4722;
123923,0.087,0.936,-0.154,-0.132,0.171,-0.117,-0.182,0.000,-0.408,5567,4698;
123963,0.147,0.940,-0.213,-0.166,0.045,-0.109,-0.182,0.000,-0.408,5571,4688;
123983,0.211,0.959,-0.255,0.135,0.272,-0.008,0.000,-0.091,-0.612,5576,4689;
124013,0.173,0.948,-0.213,-0.001,0.245,0.068,0.000,-0.091,-0.612,5570,4667;
124043,0.147,1.011,-0.210,-0.079,0.211,0.033,-0.091,0.818,1.531,5568,4668;
124063,0.196,1.057,-0.272,0.056,0.306,0.028,-0.091,0.818,1.531,5570,4670;
124093,0.169,1.121,-0.304,0.063,0.335,0.030,-0.091,0.818,1.531,5582,4675;
124123,0.188,1.102,-0.283,0.260,0.365,-0.110,-0.182,-0.909,-2.245,5604,4692;
124153,0.331,1.102,-0.182,-0.398,0.117,-0.079,-0.182,-0.909,-2.245,5595,4663;
124183,0.598,1.519,-0.129,0.226,-0.208,0.312,0.091,-0.273,-1.531,5597,4621;
124203,0.309,1.425,0.007,0.458,-0.369,0.306,0.091,-0.273,-1.531,5612,4576;
124233,0.245,1.011,0.077,0.181,-0.340,0.182,0.091,-0.182,-0.306,5645,4558;
124263,-0.053,0.823,0.094,-0.040,-0.142,-0.233,0.091,-0.182,-0.306,5706,4530;
124283,-0.015,0.726,0.154,-0.416,0.036,-0.506,0.091,-0.182,-0.306,5762,4474;
124313,0.034,0.808,0.258,-0.771,0.052,-0.440,-0.182,0.091,-0.510,5770,4534;
124343,0.090,0.963,0.210,-0.406,0.023,-0.328,-0.182,0.091,-0.510,5758,4532;
124363,0.158,0.970,0.154,-0.180,0.295,-0.135,0.000,-0.182,-0.102,5736,4469;
124393,0.072,0.985,0.094,-0.023,0.372,-0.112,0.000,-0.182,-0.102,5718,4491;
124413,0.038,1.027,0.140,-0.112,0.249,-0.157,0.000,-0.182,-0.102,5704,4524;
124443,0.083,1.011,0.066,-0.068,0.148,-0.211,0.000,0.000,-1.939,5710,4576;
124463,0.158,0.948,0.038,-0.032,0.130,-0.251,0.000,0.000,-1.939,5740,4591;
124493,0.188,0.933,0.080,-0.223,-0.015,-0.164,0.000,0.000,-1.939,5771,4563;
124533,0.139,0.974,0.010,-0.113,-0.109,-0.151,-0.182,-0.545,-0.306,5788,4569;
124553,0.120,0.993,-0.077,0.041,-0.222,-0.165,-0.182,-0.545,-0.306,5808,4643;
124583,0.117,0.955,-0.066,-0.164,-0.386,-0.146,0.000,0.000,-0.408,5838,4643;
124603,0.083,0.981,-0.038,-0.344,-0.626,-0.120,0.000,0.000,-0.408,5846,4589;
124653,0.090,0.996,-0.056,-0.047,-0.602,-0.058,0.182,0.273,-0.102,5874,4624;
124683,0.072,0.925,-0.101,0.073,-0.720,0.083,0.182,0.273,-0.102,5900,4640;
124713,0.030,0.929,-0.105,-0.006,-0.800,0.079,0.000,0.000,-0.204,5884,4629;
124743,0.060,0.978,-0.143,-0.030,-0.873,0.090,0.000,0.000,-0.204,5853,4590;
124773,-0.056,0.981,-0.150,-0.120,-0.976,0.100,0.000,0.000,-0.204,5859,4591;
124803,-0.102,1.000,-0.077,-0.341,-0.915,0.034,-0.182,-0.182,-0.204,5870,4536;
124830,-0.068,1.053,-0.098,-0.401,-0.854,-0.029,-0.182,-0.182,-0.204,5868,4552;
124853,-0.053,1.128,-0.084,-0.294,-0.851,0.001,0.091,0.091,-0.204,5884,4566;
124883,-0.105,1.211,-0.136,-0.180,-0.852,0.030,0.091,0.091,-0.204,5882,4561;
124913,-0.132,1.233,-0.182,0.030,-0.709,-0.032,0.091,0.091,-0.204,5872,4554;
124933,-0.136,1.230,-0.129,0.083,-0.334,-0.181,-0.091,-0.091,-0.612,5856,4523;
124973,-0.192,1.184,0.010,0.044,-0.095,-0.251,-0.091,-0.091,-0.612,5837,4529;
124993,-0.064,1.154,0.129,0.210,0.233,-0.331,0.000,0.000,-0.306,5823,4521;
125033,0.139,1.023,0.234,0.410,0.227,-0.265,0.000,0.000,-0.306,5818,4547;
125053,0.395,0.910,0.231,0.488,-0.121,-0.215,0.182,0.091,0.000,5812,4551;
125083,0.429,0.955,0.150,0.234,-0.287,-0.300,0.182,0.091,0.000,5807,4548;
125103,0.316,1.023,0.035,0.374,-0.251,-0.228,0.182,0.091,0.000,5814,4494;
125133,0.230,1.023,0.108,0.345,-0.047,-0.140,0.091,-0.182,-0.816,5818,4532;
125163,0.083,0.910,0.066,0.261,-0.024,-0.017,0.091,-0.182,-0.816,5807,4517;
125193,0.098,0.936,0.042,-0.119,0.017,0.113,-0.091,0.091,0.000,5791,4541;
125213,0.068,0.951,0.010,0.066,0.193,0.256,-0.091,0.091,0.000,5780,4528;
125243,0.053,0.955,0.021,-0.157,0.316,0.254,-0.091,0.091,0.000,5758,4549;
125273,0.117,1.045,-0.129,0.289,0.248,0.226,-0.091,0.182,-0.102,5745,4556;
125293,0.151,0.966,-0.024,0.229,0.186,0.248,-0.091,0.182,-0.102,5737,4561;
125323,0.166,0.970,-0.150,0.301,0.259,0.273,-0.091,-0.091,0.204,5732,4526;
125353,0.113,0.872,-0.094,0.244,0.317,0.297,-0.091,-0.091,0.204,5732,4558;
125383,0.053,0.925,-0.098,-0.005,0.438,0.202,-0.091,-0.091,0.204,5725,4564;
125413,0.038,0.951,-0.210,0.100,0.455,0.129,0.182,0.000,-0.102,5715,4548;
125443,0.068,0.910,-0.213,-0.011,0.498,0.001,0.182,0.000,-0.102,5696,4549;
125463,0.030,0.887,-0.231,-0.052,0.650,-0.073,-0.091,0.091,-0.204,5674,4556;
125493,0.072,0.933,-0.213,-0.050,0.631,-0.052,-0.091,0.091,-0.204,5646,4557;
125513,0.154,0.989,-0.192,0.005,0.557,-0.015,-0.091,0.091,-0.204,5619,4516;
125543,0.218,1.038,-0.251,0.083,0.491,0.025,-0.091,-0.091,-0.612,5592,4549;
125573,0.226,1.030,-0.213,0.041,0.389,0.016,-0.091,-0.091,-0.612,5566,4542;
125603,0.154,1.008,-0.251,-0.163,0.446,0.050,0.182,0.091,0.612,5554,4581;
125623,0.139,1.038,-0.318,-0.340,0.295,0.147,0.182,0.091,0.612,5546,4583;
125653,0.053,1.166,-0.332,-0.041,0.531,0.067,0.182,0.091,0.612,5545,4603;
125683,0.230,1.166,-0.238,-0.261,0.334,0.030,0.091,0.091,-0.204,5530,4594;
125713,0.508,1.621,-0.164,0.090,0.079,0.335,0.091,0.091,-0.204,5490,4560;
125733,0.452,1.463,-0.038,0.387,-0.440,0.369,-0.182,0.000,-0.510,5460,4539;
125763,0.260,1.079,0.073,0.420,-0.370,0.152,-0.182,0.000,-0.510,5486,4542;
125793,0.203,0.940,0.175,0.146,-0.223,0.175,0.091,0.000,-0.408,5549,4413;
125823,-0.049,0.718,0.262,-0.114,-0.136,-0.100,0.091,0.000,-0.408,5638,4532;
125853,-0.087,0.902,0.143,-0.455,-0.119,-0.287,0.091,0.000,-0.408,5671,4583;
125873,-0.004,0.970,0.251,-0.399,-0.243,-0.327,0.000,0.091,-0.306,5629,4601;
125903,0.132,1.072,0.035,-0.033,-0.197,-0.297,0.000,0.091,-0.306,5613,4609;
125923,0.139,1.008,0.003,0.046,-0.216,-0.296,0.000,0.091,-0.306,5630,4559;
125953,0.087,0.940,0.021,-0.069,-0.182,-0.273,0.000,0.091,-0.306,5667,4567;
125983,0.079,0.914,0.049,-0.295,-0.259,-0.220,0.000,0.091,-0.306,5698,4639;
126003,0.117,0.963,0.052,-0.242,-0.262,-0.261,0.000,0.000,-0.714,5751,4624;
126033,0.098,0.936,0.017,-0.261,-0.365,-0.183,0.000,0.000,-0.714,5812,4622;
126063,0.034,0.955,-0.045,-0.058,-0.406,-0.165,0.000,0.000,-0.714,5863,4637;
126093,0.008,0.959,-0.084,-0.049,-0.427,-0.129,0.091,-0.182,-1.837,5898,4649;
126123,-0.008,0.959,-0.073,-0.104,-0.435,-0.089,0.091,-0.182,-1.837,5917,4646;
126153,0.023,0.951,-0.073,-0.146,-0.574,0.002,0.000,0.091,-0.306,5959,4639;
126183,0.079,0.985,-0.126,-0.028,-0.652,0.051,0.000,0.091,-0.306,6005,4627;
126203,0.038,0.963,-0.073,0.007,-0.633,0.042,0.000,0.091,0.102,6042,4618;
126243,0.008,0.914,-0.077,-0.132,-0.707,0.075,0.000,0.091,0.102,6052,4570;
126263,-0.079,0.985,-0.126,-0.193,-0.576,0.146,0.000,0.091,0.102,6038,4583;
126293,-0.124,1.038,-0.122,-0.279,-0.595,0.164,0.000,0.091,-0.918,6035,4569;
126313,-0.105,1.027,-0.101,-0.412,-0.600,0.168,0.000,0.091,-0.918,6032,4563;
126343,-0.023,1.034,-0.101,-0.423,-0.517,0.174,-0.182,0.273,-0.510,6042,4562;
126373,-0.041,1.034,-0.105,-0.459,-0.467,0.199,-0.182,0.273,-0.510,6067,4559;
126393,-0.199,1.117,-0.101,-0.268,-0.421,0.180,-0.182,0.273,-0.510,6078,4561;
126423,-0.151,1.068,-0.133,-0.172,-0.460,0.134,0.000,-0.364,-0.306,6061,4547;
126463,-0.045,1.143,0.003,-0.148,-0.090,-0.050,0.000,-0.364,-0.306,5979,4556;
126483,-0.166,1.361,0.070,-0.153,0.036,-0.301,-0.182,0.273,-0.204,5941,4569;
126513,-0.154,1.305,0.192,-0.189,0.069,-0.443,-0.182,0.273,-0.204,5956,4585;
126533,0.158,1.136,0.203,0.115,0.078,-0.378,-0.182,0.273,-0.204,5985,4575;
126563,0.312,1.087,0.175,0.389,0.033,-0.108,0.091,-0.091,-0.204,5974,4586;
126593,0.407,0.948,0.157,0.688,-0.001,0.025,0.091,-0.091,-0.204,5968,4593;
126623,0.248,0.872,0.143,0.522,0.197,-0.028,-0.182,-0.091,0.102,5980,4580;
126653,0.053,0.854,0.129,0.284,0.119,-0.069,-0.182,-0.091,0.102,5980,4554;
126673,0.109,0.933,0.084,0.172,0.136,-0.100,-0.091,-0.273,-0.306,5951,4612;
126703,0.327,0.963,0.010,-0.005,0.028,0.052,-0.091,-0.273,-0.306,5926,4609;
126723,0.263,0.985,-0.010,0.141,0.042,0.200,-0.091,-0.273,-0.306,5901,4605;
126753,0.064,0.993,0.052,0.070,0.194,0.203,-0.091,0.091,-0.408,5878,4600;
126783,0.060,0.993,0.017,0.154,0.216,0.187,-0.091,0.091,-0.408,5859,4579;
126813,0.105,0.974,-0.021,0.198,0.090,0.289,-0.091,0.091,-0.408,5841,4609;
126833,0.094,0.978,-0.084,0.233,0.114,0.250,-0.091,-0.091,-1.224,5823,4601;
126863,0.109,0.948,-0.063,0.061,0.260,0.249,-0.091,-0.091,-1.224,5803,4620;
126893,0.120,0.974,-0.105,0.211,0.322,0.251,0.091,-0.091,-0.306,5782,4618;
126913,0.064,0.955,-0.108,0.153,0.449,0.195,0.091,-0.091,-0.306,5770,4612;
126933,0.011,0.884,-0.098,0.022,0.568,0.108,0.091,-0.091,-0.306,5756,4611;
126963,0.075,0.910,-0.154,0.046,0.645,0.113,-0.182,0.182,-0.306,5735,4597;
126993,0.094,0.963,-0.217,0.113,0.691,0.073,-0.182,0.182,-0.306,5706,4593;
127013,0.087,0.955,-0.238,0.209,0.676,0.022,0.000,-0.182,-0.408,5678,4589;
127043,0.075,0.936,-0.178,0.177,0.710,-0.005,0.000,-0.182,-0.408,5646,4548;
127073,0.173,0.978,-0.164,0.164,0.711,-0.049,0.000,-0.182,-0.408,5602,4568;
127093,0.233,1.045,-0.196,0.033,0.601,-0.063,0.273,1.182,-0.306,5580,4579;
127123,0.192,1.034,-0.220,-0.051,0.515,0.001,0.273,1.182,-0.306,5570,4580;
127143,0.207,1.038,-0.220,-0.130,0.443,0.108,0.273,1.182,-0.306,5558,4578;
127173,0.158,1.053,-0.279,-0.140,0.409,0.141,-0.091,0.091,-0.408,5546,4562;
127203,0.060,1.075,-0.318,-0.119,0.593,0.002,-0.091,0.091,-0.408,5536,4529;
127233,0.211,1.124,-0.164,-0.426,0.390,0.017,-0.091,0.182,-0.102,5517,4508;
127263,0.580,1.538,-0.066,0.066,-0.134,0.463,-0.091,0.182,-0.102,5472,4434;
127293,0.425,1.410,0.007,0.597,-0.565,0.488,0.000,0.364,-1.122,5462,4503;
127313,0.248,1.019,0.147,0.208,-0.565,0.293,0.000,0.364,-1.122,5515,4529;
127343,0.087,0.921,0.087,0.089,-0.272,0.191,0.000,0.364,-1.122,5603,4559;
127363,-0.098,0.812,0.084,-0.086,-0.119,-0.188,0.091,-0.091,-0.204,5695,4572;
127393,-0.056,0.778,0.133,-0.340,-0.210,-0.348,0.091,-0.091,-0.204,5761,4616;
127423,0.026,1.004,0.171,-0.375,-0.187,-0.279,0.091,-0.182,-0.918,5723,4458;
127463,0.154,1.053,0.063,0.021,-0.068,-0.178,0.091,-0.182,-0.918,5695,4694;
127493,0.113,0.959,0.052,-0.109,0.030,-0.163,0.182,0.000,-0.408,5704,4695;
127513,0.034,0.978,0.063,-0.036,-0.120,-0.219,0.182,0.000,-0.408,5721,4708;
127543,0.034,0.963,0.073,-0.347,-0.165,-0.244,0.182,0.000,-0.408,5755,4741;
127563,0.068,0.963,-0.003,-0.236,-0.040,-0.219,0.000,0.000,-0.408,5783,4718;
127603,0.128,0.948,0.000,-0.140,-0.140,-0.197,0.000,0.000,-0.408,5821,4759;
127623,0.102,0.929,-0.066,-0.147,-0.250,-0.189,-0.091,-0.091,-0.204,5849,4798;
127663,0.087,1.000,-0.003,-0.317,-0.525,-0.091,-0.091,-0.091,-0.204,5869,4797;
127693,0.053,0.985,-0.003,-0.233,-0.515,-0.049,-0.091,-0.091,-0.204,5888,4798;
127713,0.075,0.963,-0.084,-0.106,-0.601,-0.002,0.000,-0.091,0.204,5909,4794;
127743,0.034,0.948,-0.070,-0.115,-0.633,-0.002,0.000,-0.091,0.204,5901,4778;
127763,0.023,0.929,-0.080,-0.109,-0.654,0.008,0.000,-0.091,-0.204,5888,4711;
127803,0.026,0.951,-0.112,-0.101,-0.733,0.068,0.000,-0.091,-0.204,5864,4703;
127823,-0.034,1.027,-0.094,-0.174,-0.576,0.093,0.000,-0.091,-0.204,5821,4698;
127853,-0.087,1.023,-0.070,-0.239,-0.667,0.110,-0.273,0.273,0.408,5794,4671;
127883,-0.053,1.023,-0.073,-0.385,-0.642,0.132,-0.273,0.273,0.408,5761,4670;
127913,0.019,1.075,-0.119,-0.357,-0.664,0.127,0.091,-0.182,-0.102,5745,4656;
127933,-0.030,1.162,-0.108,-0.158,-0.772,0.137,0.091,-0.182,-0.102,5738,4643;
127963,-0.102,1.139,-0.108,-0.102,-0.817,0.098,-0.182,-0.182,0.204,5746,4633;
127993,-0.083,1.068,-0.154,0.030,-0.743,0.073,-0.182,-0.182,0.204,5743,4616;
128013,-0.102,1.109,-0.003,-0.008,-0.297,-0.152,-0.182,-0.182,0.204,5718,4580;
128043,-0.173,1.339,0.017,0.066,0.032,-0.391,0.000,0.091,-0.306,5682,4555;
128073,-0.154,1.312,0.175,-0.038,0.237,-0.450,0.000,0.091,-0.306,5690,4532;
128103,0.233,0.963,0.255,0.061,0.227,-0.171,0.182,0.000,-0.510,5695,4586;
128123,0.433,1.102,0.119,0.514,0.124,-0.136,0.182,0.000,-0.510,5676,4584;
128153,0.373,0.989,0.105,0.637,0.057,-0.062,0.182,0.000,-0.510,5677,4575;
128173,0.271,0.970,0.105,0.574,0.153,-0.102,-0.182,-0.182,0.000,5694,4508;
128203,0.207,0.872,0.028,0.595,0.144,-0.015,-0.182,-0.182,0.000,5711,4557;
128233,0.109,0.933,0.084,0.437,0.447,-0.021,-0.182,-0.182,0.000,5709,4594;
128263,0.188,0.895,0.101,0.132,0.489,0.055,0.182,0.091,-0.204,5689,4572;
128293,0.226,0.948,-0.045,0.244,0.134,0.191,0.182,0.091,-0.204,5666,4585;
128323,0.120,0.970,-0.063,0.362,0.165,0.181,-0.364,0.182,-0.102,5664,4585;
128343,0.072,1.008,-0.063,0.290,0.142,0.205,-0.364,0.182,-0.102,5655,4582;
128373,0.087,1.015,-0.063,0.172,0.192,0.123,0.273,-0.273,-0.816,5637,4578;
128403,0.181,0.940,-0.070,0.047,0.055,0.183,0.273,-0.273,-0.816,5617,4558;
128433,0.132,0.929,-0.112,-0.025,0.164,0.166,0.273,-0.273,-0.816,5610,4570;
128453,0.041,0.914,-0.094,-0.022,0.359,0.086,0.091,-0.091,-0.306,5603,4561;
128483,0.049,0.917,-0.161,-0.008,0.365,0.044,0.091,-0.091,-0.306,5584,4524;
128513,0.083,0.936,-0.238,0.042,0.253,0.018,0.091,-0.273,-0.204,5569,4563;
128543,0.079,0.948,-0.251,0.001,0.208,-0.016,0.091,-0.273,-0.204,5558,4556;
128563,0.068,0.944,-0.220,-0.006,0.433,-0.056,0.091,-0.273,-0.204,5545,4547;
128603,0.102,0.974,-0.227,0.047,0.515,-0.030,-0.091,0.364,-0.510,5528,4532;
128633,0.083,0.993,-0.220,0.079,0.488,-0.016,-0.091,0.364,-0.510,5507,4539;
128653,0.128,0.985,-0.224,0.025,0.520,-0.011,0.000,0.000,-0.102,5489,4539;
128683,0.169,0.996,-0.210,-0.036,0.506,0.038,0.000,0.000,-0.102,5458,4522;
128713,0.184,1.004,-0.241,-0.091,0.546,0.131,0.000,0.909,0.000,5435,4538;
128733,0.143,1.034,-0.265,-0.198,0.634,0.118,0.000,0.909,0.000,5421,4537;
128763,0.124,1.083,-0.349,-0.149,0.679,0.027,0.000,0.909,0.000,5410,4531;
128793,0.169,1.109,-0.398,0.059,0.747,0.010,0.182,0.000,-0.408,5406,4473;
128823,0.267,1.068,-0.339,0.095,0.504,0.101,0.182,0.000,-0.408,5403,4490;
128843,0.414,1.384,0.035,-0.294,0.209,0.339,0.182,0.000,-0.408,5373,4493;
128873,0.391,1.436,0.084,0.234,-0.407,0.295,0.182,0.000,-0.408,5343,4478;
128903,0.478,1.192,0.129,0.363,-0.645,0.329,0.182,0.000,-0.408,5372,4503;
128923,0.083,0.823,0.122,0.160,-0.410,0.123,0.000,0.364,-0.306,5459,4526;
128953,-0.151,0.718,0.220,-0.335,0.023,-0.056,0.000,0.364,-0.306,5541,4538;
128983,-0.117,0.925,0.150,-0.345,0.025,-0.246,0.000,0.364,-0.306,5543,4557;
129003,0.000,1.030,0.185,-0.486,-0.350,-0.274,0.000,0.000,-0.102,5502,4544;
129033,0.124,1.079,0.077,-0.029,-0.291,-0.271,0.000,0.000,-0.102,5490,4560;
129053,0.173,0.981,0.052,0.126,-0.324,-0.294,-0.182,-0.727,-1.837,5497,4563;
129083,0.158,0.902,0.119,-0.203,-0.350,-0.257,-0.182,-0.727,-1.837,5530,4496;
129113,0.068,0.933,0.070,-0.129,-0.227,-0.244,-0.182,-0.727,-1.837,5584,4581;
129153,-0.015,1.008,0.007,-0.300,-0.217,-0.195,0.364,0.818,0.816,5662,4630;
129173,0.011,0.989,-0.028,-0.142,-0.274,-0.165,0.364,0.818,0.816,5702,4662;
129203,0.049,1.000,-0.024,-0.131,-0.301,-0.149,0.091,0.000,-0.408,5735,4609;
129233,0.030,0.993,-0.052,-0.161,-0.278,-0.138,0.091,0.000,-0.408,5767,4674;
129253,0.079,0.989,-0.080,-0.194,-0.372,-0.141,0.000,0.091,0.000,5798,4709;
129293,0.075,0.970,-0.042,-0.255,-0.424,-0.121,0.000,0.091,0.000,5849,4703;
129313,0.098,0.940,-0.042,-0.318,-0.569,0.001,0.000,0.091,0.000,5885,4719;
129343,0.053,0.955,-0.038,-0.291,-0.580,0.042,-0.091,0.909,0.714,5880,4711;
129363,0.038,0.970,-0.056,-0.245,-0.681,0.092,-0.091,0.909,0.714,5877,4701;
129393,0.023,0.993,-0.094,-0.158,-0.796,0.140,0.091,0.364,-0.204,5883,4690;
129433,0.008,0.985,-0.087,-0.189,-0.837,0.183,0.091,0.364,-0.204,5880,4666;
129453,-0.034,0.966,-0.028,-0.285,-0.744,0.182,0.091,0.364,-0.204,5876,4663;
129483,-0.015,0.985,-0.087,-0.274,-0.771,0.192,0.091,-0.182,-1.020,5887,4638;
129513,-0.023,1.008,-0.126,-0.373,-0.758,0.187,0.091,-0.182,-1.020,5891,4622;
129543,-0.132,1.105,-0.077,-0.419,-0.630,0.175,-0.091,-0.818,0.102,5872,4606;
129563,-0.128,1.124,-0.073,-0.418,-0.574,0.161,-0.091,-0.818,0.102,5849,4594;
129593,-0.072,1.128,-0.112,-0.327,-0.618,0.181,-0.091,0.091,0.102,5829,4584;
129623,-0.030,1.128,-0.164,-0.096,-0.738,0.197,0.000,0.091,0.408,5811,4571;
129653,-0.068,1.094,-0.133,0.004,-0.580,0.041,0.000,0.091,0.408,5787,4536;
129683,-0.199,1.237,0.024,-0.039,-0.123,-0.186,-0.091,0.000,-0.510,5760,4509;
129713,-0.177,1.226,0.105,0.010,0.209,-0.341,-0.091,0.000,-0.510,5759,4465;
129743,0.151,1.011,0.241,0.023,0.157,-0.304,0.000,-0.091,-0.306,5780,4525;
129763,0.343,0.996,0.182,0.216,0.072,-0.251,0.000,-0.091,-0.306,5786,4537;
129793,0.418,1.072,0.147,0.498,0.059,-0.236,0.000,-0.091,-0.306,5776,4531;
129823,0.305,0.966,0.122,0.566,0.045,-0.151,0.182,-0.091,-0.510,5784,4473;
129853,0.192,0.963,0.056,0.634,0.198,-0.080,0.182,-0.091,-0.510,5810,4532;
129873,0.117,0.899,0.217,0.363,0.237,-0.058,0.000,-0.091,0.102,5816,4540;
129903,0.132,0.921,0.143,0.013,0.257,0.019,0.000,-0.091,0.102,5793,4540;
129933,0.248,0.966,0.003,-0.017,-0.051,0.140,0.000,-0.091,0.102,5778,4483;
129953,0.215,0.993,0.031,0.161,-0.090,0.206,0.000,-0.182,1.429,5764,4518;
129983,0.188,0.985,-0.007,0.255,-0.075,0.226,0.000,-0.182,1.429,5763,4508;
130003,0.109,0.959,0.014,0.130,0.036,0.215,0.000,0.182,0.510,5762,4526;
130033,0.083,0.978,-0.073,0.234,0.017,0.231,0.000,0.182,0.510,5755,4509;
130063,0.102,0.978,-0.080,0.317,0.222,0.157,0.000,0.182,0.510,5749,4534;
130093,0.102,0.936,-0.017,0.001,0.263,0.155,0.000,-0.091,-0.204,5743,4531;
130123,0.083,0.948,-0.094,0.085,0.406,0.143,0.000,-0.091,-0.204,5737,4507;
130143,0.060,0.959,-0.168,0.132,0.607,0.095,0.000,0.000,0.000,5724,4535;
130173,0.045,0.966,-0.157,0.215,0.568,0.061,0.000,0.000,0.000,5719,4529;
130203,0.045,0.944,-0.227,0.273,0.574,0.011,0.000,0.000,0.000,5714,4525;
130233,0.083,0.895,-0.217,0.220,0.635,-0.033,-0.273,0.091,-0.306,5702,4465;
130253,0.124,0.963,-0.126,0.097,0.799,-0.018,-0.273,0.091,-0.306,5676,4514;
130283,0.173,1.011,-0.234,0.273,0.762,0.012,0.273,-0.091,-0.102,5654,4504;
130323,0.113,0.974,-0.199,0.256,0.732,-0.005,0.273,-0.091,-0.102,5627,4501;
130343,0.162,1.000,-0.231,0.138,0.612,0.010,0.091,0.000,-0.816,5588,4501;
130373,0.215,0.993,-0.258,-0.050,0.565,0.075,0.091,0.000,-0.816,5567,4493;
130393,0.094,1.045,-0.279,-0.134,0.588,0.011,0.091,0.000,-0.816,5546,4485;
130423,0.109,1.019,-0.269,-0.278,0.677,-0.029,0.000,0.091,-0.204,5528,4476;
130453,0.173,1.087,-0.370,-0.079,0.915,-0.041,0.000,0.091,-0.204,5525,4474;
130473,0.316,1.064,-0.314,-0.222,0.504,0.028,0.182,0.000,0.102,5519,4500;
130503,0.512,1.440,-0.035,-0.242,0.259,0.351,0.182,0.000,0.102,5482,4486;
130534,0.433,1.564,0.087,0.526,-0.380,0.469,0.182,0.000,0.102,5467,4466;
130563,0.237,1.045,0.080,0.584,-0.384,0.378,-0.182,0.000,-0.510,5548,4547;
130583,0.060,0.647,0.129,0.257,-0.087,0.226,-0.182,0.000,-0.510,5616,4577;
130613,-0.053,0.688,0.164,-0.299,-0.041,-0.143,-0.091,-0.091,0.102,5673,4591;
130643,0.030,0.861,0.154,-0.653,-0.248,-0.290,-0.091,-0.091,0.102,5704,4591;
130663,0.053,1.072,0.171,-0.283,-0.407,-0.244,-0.091,-0.091,0.102,5692,4608;
130693,0.128,1.105,0.115,-0.015,-0.229,-0.171,0.000,-0.091,-0.306,5689,4650;
130723,0.196,0.959,0.059,-0.090,-0.283,-0.058,0.000,-0.091,-0.306,5706,4654;
130753,0.034,0.914,0.035,-0.236,-0.244,-0.098,0.000,0.182,1.224,5751,4703;
130773,0.008,0.981,0.042,-0.301,-0.249,-0.243,0.000,0.182,1.224,5793,4712;
130803,0.060,1.000,0.059,-0.363,-0.373,-0.210,0.000,0.182,1.224,5829,4730;
130833,0.049,0.970,0.021,-0.256,-0.274,-0.191,0.000,0.182,0.408,5891,4744;
130863,0.060,0.959,0.007,-0.222,-0.319,-0.157,0.000,0.182,0.408,5948,4772;
130883,0.072,0.985,0.010,-0.321,-0.367,-0.109,0.091,0.182,-0.306,5971,4790;
130913,0.090,1.023,-0.070,-0.212,-0.440,-0.104,0.091,0.182,-0.306,6010,4802;
130943,0.072,1.011,-0.070,-0.210,-0.472,-0.119,0.091,0.182,-0.306,6051,4753;
130973,0.053,0.963,-0.045,-0.266,-0.486,-0.042,-0.182,0.091,0.000,6077,4803;
131003,0.068,0.970,-0.084,-0.175,-0.527,0.002,-0.182,0.091,0.000,6081,4799;
131023,0.053,0.966,-0.080,-0.170,-0.622,0.023,0.091,-0.182,-0.510,6079,4787;
131063,0.041,0.948,-0.066,-0.135,-0.647,0.034,0.091,-0.182,-0.510,6080,4751;
131083,0.004,0.959,-0.087,-0.195,-0.653,0.070,-0.182,0.364,-0.408,6067,4750;
131113,-0.023,1.015,-0.122,-0.185,-0.680,0.079,-0.182,0.364,-0.408,6042,4734;
131143,-0.053,1.015,-0.035,-0.289,-0.663,0.078,-0.182,0.364,-0.408,6005,4691;
131163,-0.015,1.049,-0.049,-0.412,-0.618,0.080,0.182,0.182,-0.102,5986,4710;
131193,-0.023,1.098,-0.038,-0.361,-0.595,0.087,0.182,0.182,-0.102,5981,4696;
131213,-0.053,1.151,-0.091,-0.164,-0.626,0.073,0.182,0.182,-0.102,5983,4685;
131253,-0.060,1.128,-0.140,-0.171,-0.662,0.066,-0.182,0.273,-0.714,5974,4621;
131283,-0.087,1.045,-0.150,-0.129,-0.591,0.022,-0.182,0.273,-0.714,5942,4655;
131303,-0.102,1.169,-0.003,-0.121,-0.113,-0.126,0.091,-0.182,0.000,5900,4614;
131333,-0.181,1.248,0.031,-0.033,0.117,-0.342,0.091,-0.182,0.000,5873,4608;
131363,-0.151,1.215,0.122,0.186,0.238,-0.421,-0.182,0.091,-0.714,5877,4641;
131383,0.233,0.966,0.231,0.035,0.193,-0.271,-0.182,0.091,-0.714,5897,4657;
131413,0.459,0.948,0.185,0.154,-0.002,-0.108,-0.182,0.091,-0.714,5882,4661;
131433,0.335,1.030,0.171,0.521,-0.104,-0.158,0.000,-0.273,-0.306,5847,4644;
131463,0.237,1.019,0.161,0.554,-0.089,-0.180,0.000,-0.273,-0.306,5837,4637;
131493,0.199,1.060,0.126,0.571,0.067,-0.146,0.091,0.000,0.102,5833,4641;
131523,0.241,0.948,0.091,0.450,-0.025,-0.002,0.091,0.000,0.102,5816,4620;
131553,0.181,0.929,0.098,0.086,-0.107,0.032,0.091,0.000,0.102,5796,4614;
131573,0.090,0.944,0.031,0.181,-0.073,0.144,-0.091,0.091,-0.306,5779,4609;
131603,0.113,0.981,0.014,0.256,-0.067,0.251,-0.091,0.091,-0.306,5760,4609;
131623,0.109,0.981,-0.024,0.460,0.069,0.253,-0.091,0.091,-0.306,5737,4608;
131653,0.109,0.925,-0.021,0.256,0.008,0.206,0.000,-0.182,-0.306,5725,4605;
131683,0.079,0.970,-0.080,0.274,-0.030,0.142,0.000,-0.182,-0.306,5714,4600;
131713,0.087,0.959,0.010,-0.078,0.033,0.170,0.273,-0.091,-0.306,5701,4590;
131743,0.083,0.985,-0.094,0.022,0.214,0.169,0.273,-0.091,-0.306,5679,4578;
131773,0.064,0.978,-0.084,-0.007,0.268,0.152,-0.091,0.000,-0.102,5665,4568;
131793,0.105,0.993,-0.182,0.125,0.271,0.121,-0.091,0.000,-0.102,5647,4587;
131823,0.064,0.974,-0.157,0.148,0.375,0.064,-0.091,0.000,-0.102,5635,4580;
131843,0.038,0.914,-0.189,0.171,0.424,0.006,0.091,-0.182,-0.204,5615,4544;
131873,0.068,0.861,-0.168,0.018,0.495,-0.045,0.091,-0.182,-0.204,5590,4525;
131903,0.132,0.933,-0.154,-0.068,0.548,-0.041,0.091,-0.727,-2.449,5564,4518;
131933,0.147,0.974,-0.199,0.069,0.664,-0.034,0.091,-0.727,-2.449,5532,4499;
131963,0.139,0.996,-0.150,0.092,0.608,0.010,0.091,-0.727,-2.449,5515,4516;
131983,0.102,1.042,-0.171,0.110,0.677,0.058,0.000,-0.364,0.102,5490,4508;
132013,0.105,1.030,-0.265,0.057,0.622,0.110,0.000,-0.364,0.102,5465,4495;
132043,0.151,1.008,-0.314,0.033,0.579,0.147,0.091,-0.182,-0.714,5439,4487;
132073,0.083,1.042,-0.318,-0.143,0.737,0.089,0.091,-0.182,-0.714,5409,4439;
132093,0.105,1.068,-0.332,-0.034,0.838,0.044,0.091,-0.182,-0.714,5402,4481;
132123,0.233,1.087,-0.262,0.039,0.650,0.068,0.000,0.273,-0.612,5398,4461;
132153,0.444,1.297,-0.056,-0.283,0.531,0.355,0.000,0.273,-0.612,5370,4425;
132173,0.418,1.512,0.014,0.217,-0.284,0.488,-0.273,-1.091,-0.408,5333,4436;
132203,0.327,1.173,0.112,0.580,-0.482,0.420,-0.273,-1.091,-0.408,5356,4457;
132223,0.139,0.963,0.056,0.331,-0.311,0.323,-0.273,-1.091,-0.408,5405,4481;
132253,-0.023,0.763,0.133,0.107,0.011,0.175,-0.091,0.000,-0.204,5455,4485;
132283,-0.075,0.842,0.105,-0.081,-0.027,-0.210,-0.091,0.000,-0.204,5482,4521;
132313,-0.019,1.049,0.182,-0.446,-0.450,-0.285,0.182,0.000,-0.510,5478,4550;
132343,0.196,1.057,0.203,-0.199,-0.466,-0.221,0.182,0.000,-0.510,5469,4537;
132363,0.252,0.996,0.028,0.023,-0.505,-0.193,0.182,0.000,-0.510,5489,4583;
132393,0.151,0.914,0.091,-0.182,-0.431,-0.232,-0.364,0.000,-0.816,5542,4582;
132423,0.109,0.959,0.091,-0.271,-0.549,-0.242,-0.364,0.000,-0.816,5606,4596;
132443,0.038,0.970,0.035,-0.312,-0.412,-0.257,0.091,0.000,-1.122,5667,4603;
132473,0.000,0.963,0.052,-0.369,-0.347,-0.237,0.091,0.000,-1.122,5707,4582;
132503,-0.004,0.978,0.010,-0.280,-0.212,-0.188,0.091,0.000,-1.122,5737,4657;
132543,0.041,1.015,-0.049,-0.163,-0.136,-0.152,0.000,0.000,-0.306,5756,4684;
132563,0.094,1.004,-0.045,-0.217,-0.143,-0.097,0.000,0.000,-0.306,5778,4716;
132593,0.064,1.008,-0.049,-0.249,-0.262,-0.100,-0.182,0.000,-0.306,5813,4733;
132613,0.105,0.989,-0.080,-0.261,-0.348,-0.047,-0.182,0.000,-0.306,5852,4743;
132643,0.090,0.970,-0.084,-0.276,-0.389,-0.007,-0.182,0.000,-0.306,5876,4742;
132673,0.053,0.963,-0.077,-0.203,-0.450,0.008,0.273,0.091,-0.204,5894,4728;
132703,0.019,0.985,-0.080,-0.171,-0.501,0.028,0.273,0.091,-0.204,5886,4705;
132733,0.026,0.974,-0.098,-0.089,-0.478,0.051,-0.182,0.091,-0.102,5868,4664;
132763,0.041,0.955,-0.056,-0.090,-0.503,0.091,-0.182,0.091,-0.102,5853,4643;
132783,-0.004,0.974,-0.108,-0.121,-0.596,0.110,-0.091,0.091,-0.408,5846,4600;
132813,-0.056,0.978,-0.098,-0.192,-0.652,0.114,-0.091,0.091,-0.408,5842,4627;
132843,-0.075,0.996,-0.066,-0.393,-0.656,0.098,-0.091,0.091,-0.408,5823,4603;
132863,-0.049,1.075,-0.059,-0.372,-0.552,0.079,0.273,0.000,-0.204,5809,4570;
132893,-0.049,1.102,-0.108,-0.311,-0.552,0.096,0.273,0.000,-0.204,5802,4562;
132923,-0.143,1.102,-0.098,-0.255,-0.561,0.084,0.000,0.000,-0.204,5799,4547;
132953,-0.143,1.124,-0.147,-0.093,-0.550,0.059,0.000,0.000,-0.204,5794,4519;
132973,-0.090,1.192,-0.017,0.011,-0.117,-0.092,0.000,0.000,-0.204,5769,4512;
133003,-0.151,1.256,0.017,0.104,0.231,-0.243,0.091,0.091,-0.204,5761,4510;
133033,-0.154,1.143,0.028,0.152,0.344,-0.299,0.091,0.091,-0.204,5772,4509;
133053,-0.030,1.019,0.161,-0.102,0.276,-0.256,0.182,0.273,-0.714,5794,4510;
133083,0.184,0.989,0.182,0.231,0.311,-0.233,0.182,0.273,-0.714,5799,4518;
133113,0.361,0.951,0.220,0.299,-0.032,-0.170,0.182,0.273,-0.714,5794,4517;
133143,0.380,1.023,0.126,0.384,-0.283,-0.154,-0.182,-0.364,-0.204,5796,4500;
133173,0.275,1.011,0.126,0.401,-0.293,-0.155,-0.182,-0.364,-0.204,5822,4512;
133203,0.154,0.993,0.091,0.308,-0.141,-0.086,-0.182,-0.091,-0.612,5827,4510;
133223,0.102,0.963,0.094,0.085,-0.086,-0.042,-0.182,-0.091,-0.612,5813,4514;
133253,0.105,1.019,-0.028,0.132,-0.044,0.135,-0.182,-0.091,-0.612,5787,4516;
133273,0.109,1.015,-0.024,0.404,0.028,0.250,0.182,0.000,-0.102,5763,4513;
133303,0.098,0.966,0.028,0.435,0.176,0.268,0.182,0.000,-0.102,5746,4532;
133333,0.068,0.948,-0.035,0.356,0.441,0.249,0.091,-0.182,-0.306,5732,4545;
133373,0.136,0.940,0.000,0.067,0.415,0.221,0.091,-0.182,-0.306,5717,4560;
133393,0.158,0.996,-0.129,0.255,0.307,0.229,-0.091,0.091,-0.612,5702,4567;
133423,0.117,0.966,-0.119,0.262,0.276,0.181,-0.091,0.091,-0.612,5684,4563;
133443,0.098,0.940,-0.098,0.212,0.249,0.136,-0.091,0.091,-0.612,5666,4555;
133473,0.068,0.963,-0.122,0.206,0.424,0.096,-0.091,0.182,-0.102,5661,4539;
133503,0.094,0.925,-0.147,0.050,0.449,0.044,-0.091,0.182,-0.102,5642,4520;
133533,0.098,0.914,-0.161,0.039,0.474,-0.013,0.000,0.182,0.306,5626,4526;
133563,0.072,0.917,-0.178,-0.006,0.617,-0.040,0.000,0.182,0.306,5611,4514;
133593,0.113,0.944,-0.147,-0.053,0.809,-0.027,0.000,0.182,0.306,5584,4516;
133623,0.184,0.993,-0.147,0.073,0.626,0.033,0.091,0.000,-0.816,5567,4513;
133643,0.158,0.974,-0.199,0.118,0.549,0.025,0.091,0.000,-0.816,5556,4516;
133673,0.117,1.004,-0.182,0.110,0.488,-0.007,0.182,-0.091,-0.102,5547,4508;
133703,0.158,1.038,-0.262,-0.112,0.478,0.038,0.182,-0.091,-0.102,5520,4497;
133723,0.158,1.060,-0.279,-0.177,0.395,0.086,0.182,-0.091,-0.102,5498,4502;
133753,0.102,1.045,-0.279,-0.153,0.491,0.076,0.091,-0.091,-0.612,5486,4480;
133773,0.079,1.042,-0.339,-0.257,0.528,0.018,0.091,-0.091,-0.612,5481,4485;
133803,0.128,1.079,-0.391,0.044,0.698,0.011,0.091,0.000,-0.306,5481,4495;
133833,0.354,1.154,-0.052,-0.282,0.576,0.233,0.091,0.000,-0.306,5461,4515;
133853,0.407,1.327,-0.066,0.080,-0.066,0.308,0.091,0.000,-0.306,5445,4497;
133893,0.399,1.316,0.094,0.034,-0.475,0.357,0.091,0.909,0.000,5461,4549;
133923,0.226,1.072,0.119,0.253,-0.603,0.455,0.091,0.909,0.000,5529,4534;
133943,-0.068,0.782,0.129,0.165,-0.038,0.294,0.091,0.000,-0.510,5619,4586;
133973,-0.211,0.775,0.115,-0.102,0.273,-0.072,0.091,0.000,-0.510,5657,4565;
134003,-0.075,0.917,0.206,-0.589,0.049,-0.106,-0.091,0.273,0.000,5646,4634;
134023,0.056,1.102,0.045,-0.216,-0.011,-0.323,-0.091,0.273,0.000,5625,4658;
134053,0.286,1.049,0.024,0.028,-0.191,-0.151,-0.091,0.273,0.000,5650,4669;
134083,0.233,1.004,0.010,0.364,-0.307,-0.146,0.091,-0.364,0.000,5705,4663;
134113,0.079,0.951,0.147,-0.097,-0.159,-0.244,0.091,-0.364,0.000,5744,4630;
134133,0.068,0.993,-0.007,-0.229,-0.300,-0.225,0.091,-0.364,0.000,5789,4626;
134163,0.098,0.996,0.021,-0.203,-0.348,-0.204,0.000,-0.091,-0.204,5845,4658;
134203,0.049,0.981,0.003,-0.171,-0.307,-0.278,0.000,-0.091,-0.204,5873,4676;
134223,0.068,0.944,-0.007,-0.244,-0.392,-0.244,0.182,0.909,0.204,5900,4686;
134253,0.113,0.970,-0.035,-0.339,-0.471,-0.180,0.182,0.909,0.204,5914,4693;
134273,0.098,1.015,-0.024,-0.193,-0.454,-0.149,0.000,0.182,0.000,5911,4693;
134313,0.090,1.027,-0.056,-0.073,-0.543,-0.117,0.000,0.182,0.000,5926,4705;
134333,0.075,0.966,-0.035,-0.125,-0.654,-0.075,0.000,0.182,0.000,5933,4707;
134363,0.079,0.940,-0.049,-0.141,-0.646,-0.025,0.091,0.000,-0.510,5922,4683;
134393,0.049,0.966,-0.084,-0.091,-0.699,0.029,0.091,0.000,-0.510,5901,4679;
134423,0.019,1.030,-0.115,-0.004,-0.776,0.055,-0.182,-0.091,-0.102,5890,4617;
134453,0.000,0.963,-0.077,-0.130,-0.699,0.103,-0.182,-0.091,-0.102,5871,4653;
134473,-0.019,0.955,-0.056,-0.302,-0.637,0.143,-0.182,-0.091,-0.102,5850,4637;
134503,-0.008,0.985,-0.063,-0.314,-0.647,0.164,-0.182,0.091,0.102,5840,4624;
134533,-0.015,1.000,-0.087,-0.368,-0.660,0.152,-0.182,0.091,0.102,5837,4533;
134553,-0.030,1.038,-0.101,-0.419,-0.640,0.120,0.000,0.182,0.306,5831,4592;
134593,-0.049,1.075,-0.077,-0.425,-0.591,0.096,0.000,0.182,0.306,5832,4548;
134613,-0.041,1.109,-0.070,-0.255,-0.605,0.113,0.091,0.091,-0.306,5827,4560;
134643,-0.026,1.113,-0.154,-0.146,-0.675,0.151,0.091,0.091,-0.306,5819,4547;
134663,-0.079,1.147,-0.091,-0.062,-0.556,0.057,0.091,0.091,-0.306,5801,4523;
134693,-0.128,1.215,0.024,0.039,-0.159,-0.108,0.000,-0.091,-0.102,5778,4494;
134723,-0.192,1.241,0.000,0.068,0.175,-0.288,0.000,-0.091,-0.102,5771,4498;
134743,-0.060,1.109,0.140,-0.032,0.229,-0.294,0.000,0.000,-25.510,5789,4500;
134773,0.162,0.966,0.154,0.121,0.101,-0.136,-0.182,0.000,0.612,5816,4493;
134803,0.275,0.910,0.147,0.199,0.053,-0.059,-0.182,0.000,0.612,5832,4523;
134823,0.301,0.989,0.045,0.409,-0.117,-0.067,-0.182,-0.091,-0.306,5846,4520;
134853,0.248,0.996,0.077,0.533,-0.182,-0.081,-0.182,-0.091,-0.306,5849,4517;
134883,0.188,0.966,0.140,0.391,0.019,-0.144,-0.182,-0.091,-0.306,5860,4517;
134913,0.151,0.963,0.115,0.376,0.130,-0.141,-0.091,0.182,-0.306,5860,4513;
134943,0.226,0.933,0.094,0.157,0.183,-0.055,-0.091,0.182,-0.306,5845,4526;
134963,0.192,0.970,0.028,0.030,0.134,0.039,0.182,1.091,1.224,5829,4523;
134993,0.139,1.060,-0.031,0.314,0.055,0.118,0.182,1.091,1.224,5813,4510;
135023,0.113,1.000,-0.003,0.296,0.127,0.151,0.000,0.182,1.327,5800,4527;
135053,0.128,0.966,-0.045,0.191,0.296,0.151,0.000,0.182,1.327,5781,4512;
135083,0.105,1.015,-0.119,0.372,0.294,0.164,0.000,0.182,1.327,5773,4496;
135103,0.105,0.948,-0.073,0.256,0.316,0.178,0.000,-0.273,-0.204,5753,4488;
135133,0.113,0.955,-0.077,0.168,0.565,0.127,0.000,-0.273,-0.204,5735,4470;
135163,0.117,0.978,-0.042,0.376,0.654,0.112,-0.091,-0.818,-0.510,5714,4473;
135193,0.109,0.925,-0.185,0.517,0.517,0.102,-0.091,-0.818,-0.510,5702,4461;
135223,0.056,0.933,-0.171,0.270,0.549,0.036,-0.091,-0.818,-0.510,5684,4452;
135243,0.060,0.955,-0.203,0.194,0.786,0.013,0.091,-0.091,-0.102,5657,4453;
135273,0.041,0.910,-0.199,0.101,0.719,-0.029,0.091,-0.091,-0.102,5632,4444;
135303,0.094,0.910,-0.231,0.015,0.652,-0.033,0.091,0.273,-0.204,5606,4437;
135323,0.177,0.966,-0.220,-0.025,0.591,-0.006,0.091,0.273,-0.204,5584,4403;
135353,0.181,0.996,-0.217,0.046,0.546,0.008,0.091,0.273,-0.204,5554,4408;
135383,0.162,0.996,-0.196,0.138,0.492,0.021,0.000,0.091,-0.510,5533,4391;
135413,0.139,0.974,-0.224,0.124,0.406,0.032,0.000,0.091,-0.510,5517,4364;
135433,0.154,0.985,-0.262,-0.084,0.373,0.055,0.000,0.000,-0.204,5497,4399;
135463,0.162,1.034,-0.283,-0.202,0.389,0.100,0.000,0.000,-0.204,5470,4394;
135483,0.109,1.057,-0.314,-0.229,0.504,0.013,0.000,0.000,-0.204,5452,4386;
135513,0.102,1.038,-0.363,-0.262,0.618,-0.029,0.182,0.091,-0.204,5452,4371;
135543,0.248,1.090,-0.356,-0.107,0.518,0.050,0.182,0.091,-0.204,5440,4343;
135573,0.380,1.309,-0.164,-0.142,0.307,0.212,-0.091,-0.182,-0.408,5418,4365;
135603,0.350,1.263,-0.070,-0.052,-0.164,0.228,-0.091,-0.182,-0.408,5405,4343;
135623,0.290,1.211,0.070,0.025,-0.508,0.313,-0.091,-0.182,-0.408,5410,4390;
135653,0.324,1.019,0.108,0.132,-0.543,0.334,-0.091,0.818,0.408,5431,4377;
135683,0.038,0.827,0.098,0.158,-0.195,0.153,-0.091,0.818,0.408,5499,4426;
135703,-0.087,0.726,0.136,-0.051,-0.147,-0.056,0.000,-0.091,0.000,5568,4437;
135733,-0.102,0.933,0.161,-0.540,-0.176,-0.086,0.000,-0.091,0.000,5567,4449;
135763,0.038,1.132,0.049,-0.319,-0.299,-0.126,0.000,-0.091,0.000,5545,4383;
135783,0.188,1.090,0.028,-0.064,-0.172,-0.106,0.273,0.000,1.939,5565,4473;
135813,0.222,0.996,-0.003,0.028,-0.271,-0.072,0.273,0.000,1.939,5604,4458;
135843,0.098,0.884,0.150,-0.266,-0.260,-0.191,0.091,0.818,-1.837,5638,4491;
135873,0.094,0.929,0.000,-0.237,-0.143,-0.178,0.091,0.818,-1.837,5671,4574;
135903,0.177,0.989,-0.014,-0.318,-0.293,-0.075,0.000,0.000,-0.408,5714,4588;
135943,0.068,0.966,0.014,-0.280,-0.379,-0.096,0.000,0.000,-0.408,5748,4583;
135963,0.049,0.978,-0.073,-0.161,-0.389,-0.089,0.000,0.000,-0.408,5752,4599;
135993,0.053,0.974,-0.091,-0.144,-0.368,-0.123,0.091,0.182,-0.306,5754,4587;
136023,0.109,0.933,-0.007,-0.418,-0.623,-0.070,0.091,0.182,-0.306,5786,4619;
136043,0.083,0.944,-0.077,-0.375,-0.639,-0.028,0.000,0.000,-0.510,5811,4635;
136073,0.094,0.985,-0.178,-0.243,-0.795,0.028,0.000,0.000,-0.510,5864,4637;
136103,0.053,0.993,-0.189,-0.108,-0.913,0.039,0.000,0.000,-0.510,5937,4632;
136133,-0.053,0.955,-0.070,-0.254,-0.901,0.030,0.091,0.000,-0.102,5957,4613;
136153,-0.105,0.955,-0.056,-0.429,-0.767,0.034,0.091,0.000,-0.102,5960,4623;
136183,-0.019,1.015,-0.126,-0.454,-0.735,0.083,0.000,-0.182,-0.102,5976,4628;
136221,-0.034,1.057,-0.105,-0.546,-0.830,0.074,0.000,-0.182,-0.102,5958,4628;
136243,-0.049,1.162,-0.066,-0.459,-0.789,0.097,0.000,-0.182,-0.102,5952,4638;
136263,-0.064,1.211,-0.101,-0.144,-0.722,0.090,-0.091,0.091,0.000,5956,4591;
136293,-0.090,1.128,-0.150,0.059,-0.687,0.008,-0.091,0.091,0.000,5952,4617;
136323,-0.094,1.188,0.049,-0.149,-0.223,-0.186,-0.091,0.091,-0.204,5913,4585;
136353,-0.139,1.267,0.017,0.004,-0.022,-0.291,-0.091,0.091,-0.204,5887,4592;
136383,0.098,1.169,0.178,0.131,0.004,-0.273,0.000,-0.182,-0.408,5896,4591;
136403,0.169,0.978,0.251,0.240,0.040,-0.204,0.000,-0.182,-0.408,5897,4579;
136433,0.282,0.981,0.192,0.437,0.025,-0.181,0.000,-0.182,-0.408,5894,4560;
136463,0.320,0.963,0.098,0.397,-0.007,-0.220,-0.273,-0.182,-0.204,5882,4595;
136493,0.267,0.981,0.042,0.407,-0.029,-0.157,-0.273,-0.182,-0.204,5879,4592;
136513,0.218,0.966,0.070,0.248,-0.118,-0.076,0.091,0.273,-0.102,5883,4574;
136543,0.162,0.948,0.094,0.178,-0.018,-0.007,0.091,0.273,-0.102,5882,4570;
136573,0.192,0.936,0.031,-0.001,-0.170,0.119,0.091,0.273,-0.102,5878,4548;
136603,0.090,1.030,-0.028,0.232,-0.062,0.110,0.091,-0.182,-0.306,5863,4595;
136633,0.124,0.996,0.000,0.272,0.163,0.126,0.091,-0.182,-0.306,5843,4583;
136653,0.098,0.963,0.049,0.101,0.416,0.131,0.000,0.000,-0.204,5821,4609;
136683,0.124,0.981,-0.059,0.370,0.329,0.176,0.000,0.000,-0.204,5796,4615;
136713,0.139,0.966,-0.003,0.259,0.367,0.170,0.000,0.000,-0.204,5775,4615;
136743,0.139,0.955,-0.031,0.090,0.515,0.171,-0.182,-0.091,0.000,5741,4604;
136773,0.169,0.955,-0.087,0.221,0.438,0.185,-0.182,-0.091,0.000,5699,4600;
136793,0.139,0.944,-0.140,0.227,0.346,0.142,0.182,-0.091,-0.306,5678,4592;
136823,0.120,0.914,-0.129,0.002,0.367,0.069,0.182,-0.091,-0.306,5659,4566;
136853,0.068,0.970,-0.133,0.074,0.443,0.028,0.000,-0.273,-0.204,5617,4562;
136883,0.083,0.959,-0.203,0.092,0.463,-0.011,0.000,-0.273,-0.204,5589,4511;
136903,0.109,0.940,-0.192,0.118,0.501,-0.010,0.000,-0.273,-0.204,5570,4552;
136933,0.109,0.970,-0.140,0.147,0.601,0.007,-0.091,-0.182,0.000,5548,4537;
136963,0.139,0.989,-0.164,0.178,0.544,-0.008,-0.091,-0.182,0.000,5509,4539;
136993,0.162,0.978,-0.175,0.120,0.438,-0.038,-0.091,-0.364,-0.612,5483,4529;
137013,0.158,0.978,-0.168,0.029,0.442,-0.040,-0.091,-0.364,-0.612,5464,4519;
137043,0.128,1.000,-0.206,-0.013,0.582,0.002,-0.091,-0.364,-0.612,5441,4508;
137073,0.154,0.996,-0.276,-0.169,0.512,0.072,-0.091,0.182,-0.306,5415,4482;
137093,0.117,1.011,-0.293,-0.226,0.548,-0.028,-0.091,0.182,-0.306,5399,4486;
137123,0.120,1.038,-0.269,-0.357,0.608,-0.079,-0.091,0.182,-0.306,5389,4460;
137153,0.188,1.109,-0.332,-0.112,0.665,-0.027,-0.182,0.000,0.000,5376,4434;
137183,0.320,1.151,-0.112,-0.423,0.323,0.144,-0.182,0.000,0.000,5359,4454;
137213,0.395,1.557,-0.035,-0.008,0.044,0.345,0.000,0.000,-0.714,5320,4425;
137233,0.312,1.357,-0.031,0.464,-0.255,0.442,0.000,0.000,-0.714,5327,4403;
137263,0.282,0.970,0.189,0.288,-0.119,0.449,0.182,1.000,0.714,5358,4426;
137283,0.064,0.929,0.042,0.344,-0.042,0.223,0.182,1.000,0.714,5395,4397;
137313,-0.026,0.820,0.052,-0.113,-0.220,-0.195,0.182,1.000,0.714,5448,4393;
137343,-0.019,0.854,0.077,-0.283,-0.177,-0.334,-0.091,0.182,-0.204,5479,4377;
137363,0.030,0.963,0.210,-0.253,-0.155,-0.216,-0.091,0.182,-0.204,5487,4537;
137393,0.102,0.993,0.115,-0.051,0.046,-0.098,-0.091,0.182,-0.204,5492,4489;
137413,0.162,0.978,0.045,-0.066,-0.049,-0.051,-0.091,0.091,-0.102,5491,4538;
137453,0.090,0.985,0.052,-0.106,-0.274,-0.131,-0.091,0.091,-0.102,5509,4516;
137483,0.090,1.034,0.094,-0.152,-0.297,-0.262,-0.182,-0.909,1.531,5558,4586;
137513,0.098,1.015,0.028,-0.064,-0.357,-0.267,-0.182,-0.909,1.531,5630,4616;
137533,0.068,0.948,0.024,-0.186,-0.308,-0.341,0.091,0.000,-0.408,5720,4591;
137563,0.083,0.944,0.049,-0.302,-0.279,-0.316,0.091,0.000,-0.408,5767,4611;
137593,0.072,0.978,0.000,-0.357,-0.421,-0.199,0.091,0.000,-0.408,5774,4668;
137613,0.098,0.974,0.003,-0.487,-0.688,-0.154,0.000,0.091,-0.306,5780,4670;
137643,0.079,1.027,-0.038,-0.313,-0.643,-0.124,0.000,0.091,-0.306,5809,4665;
137673,0.049,1.000,-0.010,-0.161,-0.648,-0.076,0.091,0.091,-0.204,5830,4677;
137703,0.041,0.948,-0.003,-0.193,-0.616,-0.028,0.091,0.091,-0.204,5841,4634;
137723,0.072,0.936,-0.066,-0.158,-0.674,0.011,0.091,0.091,-0.204,5853,4682;
137753,0.026,0.996,-0.091,-0.096,-0.725,0.018,-0.091,0.091,-1.224,5858,4620;
137783,-0.015,0.985,-0.056,-0.059,-0.663,0.019,-0.091,0.091,-1.224,5844,4710;
137813,-0.038,1.019,-0.101,-0.090,-0.583,0.055,-0.091,-0.909,-0.204,5828,4702;
137843,-0.049,0.996,-0.045,-0.161,-0.458,0.089,-0.091,-0.909,-0.204,5812,4708;
137873,-0.011,0.996,-0.070,-0.232,-0.452,0.117,-0.091,-0.909,-0.204,5775,4713;
137893,-0.038,1.023,-0.059,-0.290,-0.431,0.114,-0.364,-0.636,-0.408,5757,4704;
137923,-0.034,1.075,-0.073,-0.295,-0.406,0.117,-0.364,-0.636,-0.408,5749,4698;
137953,-0.041,1.094,-0.084,-0.225,-0.335,0.084,-0.091,0.273,-0.816,5733,4678;
137983,-0.038,1.064,-0.087,-0.195,-0.436,0.090,-0.091,0.273,-0.816,5724,4652;
138013,-0.030,1.019,-0.108,-0.143,-0.486,0.104,-0.182,-0.091,0.000,5729,4636;
138043,-0.038,1.015,-0.094,-0.131,-0.444,0.040,-0.182,-0.091,0.000,5729,4590;
138073,-0.188,1.173,0.035,-0.118,0.032,-0.177,-0.182,-0.091,0.000,5707,4563;
138093,-0.181,1.275,0.007,0.087,0.333,-0.316,0.091,-0.182,-0.204,5693,4561;
138123,-0.049,1.136,0.098,-0.030,0.367,-0.397,0.091,-0.182,-0.204,5693,4561;
138153,0.158,1.023,0.119,0.028,0.078,-0.304,0.000,0.000,-0.102,5709,4567;
138183,0.324,0.891,0.147,0.132,-0.192,-0.131,0.000,0.000,-0.102,5710,4559;
138213,0.256,1.015,0.094,0.249,-0.329,-0.117,0.000,0.000,-0.102,5705,4569;
138233,0.177,1.075,0.129,0.313,-0.299,-0.106,0.000,0.000,-0.102,5697,4548;
138263,0.173,1.045,0.182,0.355,-0.182,-0.086,0.000,0.000,-0.102,5703,4567;
138283,0.203,0.966,0.094,0.389,-0.187,-0.022,-0.091,0.000,-0.306,5706,4569;
138313,0.162,0.959,0.084,0.272,-0.195,0.039,-0.091,0.000,-0.306,5700,4511;
138343,0.120,0.974,0.077,0.050,-0.164,0.100,-0.091,0.000,-0.306,5677,4521;
138383,0.120,1.023,0.073,0.256,0.008,0.204,0.182,1.091,-0.408,5637,4498;
138403,0.143,0.978,-0.003,0.412,-0.055,0.297,0.182,1.091,-0.408,5613,4562;
138433,0.128,0.933,0.017,0.348,0.059,0.310,0.091,0.000,-0.102,5604,4556;
138463,0.075,0.955,0.049,0.166,0.123,0.266,0.091,0.000,-0.102,5584,4566;
138493,0.098,1.004,-0.084,0.339,-0.004,0.237,-0.091,0.182,-0.102,5571,4567;
138513,0.124,0.966,-0.003,0.154,0.084,0.199,-0.091,0.182,-0.102,5554,4527;
138543,0.136,0.970,-0.108,0.289,0.186,0.182,-0.091,0.182,-0.102,5550,4549;
138573,0.120,0.948,-0.122,0.171,0.170,0.183,0.000,-0.182,-0.102,5543,4528;
138603,0.064,0.963,-0.168,0.140,0.278,0.086,0.000,-0.182,-0.102,5536,4546;
138623,0.038,0.966,-0.185,0.087,0.357,0.050,0.091,0.000,0.102,5521,4481;
138663,0.038,0.963,-0.185,0.046,0.493,0.005,0.091,0.000,0.102,5504,4514;
138683,0.075,0.944,-0.182,0.046,0.568,-0.023,0.182,0.000,-0.408,5487,4509;
138713,0.113,0.955,-0.182,0.001,0.664,0.004,0.182,0.000,-0.408,5467,4506;
138733,0.147,1.000,-0.192,0.109,0.741,0.027,0.182,0.000,-0.408,5446,4503;
138763,0.158,1.008,-0.192,0.049,0.651,0.029,-0.182,-0.091,-0.204,5426,4493;
138793,0.154,1.030,-0.213,-0.104,0.469,0.057,-0.182,-0.091,-0.204,5399,4489;
138823,0.162,1.027,-0.248,-0.175,0.555,0.051,-0.091,0.182,0.000,5386,4483;
138843,0.102,1.045,-0.265,-0.166,0.628,0.004,-0.091,0.182,0.000,5373,4475;
138873,0.075,1.053,-0.367,-0.024,0.771,-0.007,-0.091,0.182,0.000,5371,4486;
138903,0.136,1.042,-0.321,-0.027,0.635,0.018,0.000,0.091,-0.102,5370,4494;
138923,0.346,1.271,-0.063,-0.246,0.626,0.270,0.000,0.091,-0.102,5348,4470;
138953,0.297,1.376,0.035,0.143,0.205,0.245,0.000,0.091,-0.102,5327,4498;
138983,0.354,1.252,0.101,0.310,-0.183,0.273,0.000,0.091,0.000,5333,4494;
139013,0.222,1.098,0.045,0.272,-0.124,0.282,0.000,0.091,0.000,5384,4520;
139033,0.004,0.820,0.077,0.256,0.143,0.107,-0.091,0.182,-0.408,5464,4445;
139063,-0.045,0.733,0.185,-0.248,0.130,-0.106,-0.091,0.182,-0.408,5537,4516;
139093,-0.008,0.963,0.168,-0.477,-0.040,-0.199,-0.091,0.182,-0.408,5558,4528;
139123,0.211,1.023,0.175,-0.329,-0.001,-0.160,0.091,0.091,-0.306,5540,4576;
139143,0.188,1.034,0.014,0.030,-0.022,-0.138,0.091,0.091,-0.306,5535,4581;
139183,0.132,0.948,0.136,-0.180,-0.178,-0.140,0.000,0.091,-0.408,5551,4579;
139203,0.105,0.970,0.101,-0.317,-0.192,-0.168,0.000,0.091,-0.408,5574,4599;
139233,0.098,1.034,0.052,-0.243,-0.282,-0.240,0.091,0.000,-0.612,5598,4605;
139263,0.068,1.023,0.045,-0.221,-0.256,-0.285,0.091,0.000,-0.612,5671,4506;
139293,0.056,0.951,0.024,-0.249,-0.274,-0.243,0.091,0.000,-0.612,5735,4634;
139323,0.090,0.978,0.031,-0.248,-0.353,-0.177,-0.182,1.091,0.408,5758,4654;
139343,0.075,1.000,-0.017,-0.136,-0.463,-0.188,-0.182,1.091,0.408,5774,4662;
139373,0.109,0.985,0.010,-0.262,-0.711,-0.182,0.000,-0.091,-0.204,5791,4669;
139403,0.083,0.996,-0.007,-0.323,-0.754,-0.180,0.000,-0.091,-0.204,5826,4695;
139433,0.049,0.993,-0.024,-0.307,-0.809,-0.142,0.000,-0.091,-0.204,5855,4701;
139453,0.008,1.008,-0.052,-0.210,-0.823,-0.107,0.091,-0.091,-0.102,5880,4689;
139493,0.008,1.008,0.007,-0.188,-0.784,-0.051,0.091,-0.091,-0.102,5882,4692;
139513,0.004,0.985,-0.017,0.000,-0.648,-0.056,0.000,-0.091,-0.204,5865,4698;
139543,-0.019,0.959,-0.052,0.052,-0.590,0.022,0.000,-0.091,-0.204,5849,4693;
139563,-0.053,0.948,-0.066,0.063,-0.505,0.080,0.000,-0.091,-0.204,5825,4678;
139603,-0.087,0.955,-0.021,-0.019,-0.291,0.110,-0.182,0.091,-0.408,5791,4660;
139623,-0.053,0.981,-0.031,-0.117,-0.126,0.119,-0.182,0.091,-0.408,5758,4654;
139653,0.008,1.008,-0.073,-0.130,-0.151,0.142,0.000,-0.182,-0.102,5746,4637;
139673,-0.004,1.015,-0.063,-0.240,-0.226,0.149,0.000,-0.182,-0.102,5747,4437;
139703,-0.053,1.049,-0.066,-0.306,-0.251,0.149,-0.273,-1.000,-0.204,5741,4568;
139733,-0.038,1.075,-0.066,-0.272,-0.254,0.172,-0.273,-1.000,-0.204,5731,4592;
139763,-0.023,1.049,-0.091,-0.261,-0.301,0.188,-0.273,-1.000,-0.204,5744,4590;
139793,-0.019,1.053,-0.101,-0.194,-0.356,0.186,0.000,-0.091,-0.408,5764,4575;
139813,-0.060,1.090,-0.059,-0.148,-0.259,0.090,0.000,-0.091,-0.408,5761,4572;
139843,-0.162,1.226,0.035,-0.109,0.124,-0.103,0.091,0.000,-0.510,5736,4562;
139873,-0.162,1.271,0.021,-0.039,0.248,-0.216,0.091,0.000,-0.510,5739,4548;
139903,0.060,1.068,0.164,-0.027,0.154,-0.161,0.091,0.000,-0.510,5778,4584;
139923,0.154,0.978,0.147,0.030,0.134,-0.072,0.091,0.000,-0.102,5806,4598;
139953,0.237,0.944,0.175,0.112,0.058,-0.019,0.091,0.000,-0.102,5813,4571;
139973,0.252,0.959,0.175,0.151,-0.028,0.006,-0.091,0.182,-0.204,5806,4565;
140003,0.260,1.072,0.133,0.389,-0.066,-0.018,-0.091,0.182,-0.204,5800,4587;
140033,0.196,1.004,0.178,0.458,0.002,-0.074,-0.091,0.182,-0.204,5815,4600;
140063,0.207,0.906,0.154,0.334,-0.061,-0.044,0.091,-0.091,-0.204,5825,4573;
140093,0.218,0.959,0.101,0.216,-0.168,0.018,0.091,-0.091,-0.204,5812,4548;
140113,0.128,0.978,0.042,0.225,-0.022,0.100,-0.091,-0.091,-0.306,5805,4609;
140143,0.109,1.008,0.028,0.215,-0.096,0.157,-0.091,-0.091,-0.306,5795,4606;
140173,0.083,1.023,0.003,0.239,0.022,0.135,-0.091,-0.091,-0.306,5789,4607;
140203,0.120,0.970,0.017,0.290,0.154,0.138,0.091,0.091,-0.510,5779,4600;
140223,0.139,0.974,-0.003,0.222,0.244,0.153,0.091,0.091,-0.510,5766,4610;
140253,0.143,0.996,-0.066,0.314,0.197,0.217,0.091,0.000,-0.102,5760,4611;
140283,0.072,0.981,-0.024,0.391,0.283,0.153,0.091,0.000,-0.102,5750,4598;
140313,0.132,0.940,-0.052,0.325,0.358,0.123,0.091,0.000,-0.102,5732,4618;
140333,0.181,0.948,-0.056,0.250,0.323,0.146,0.091,-0.182,-0.408,5704,4611;
140363,0.124,0.970,-0.171,0.399,0.265,0.124,0.091,-0.182,-0.408,5692,4574;
140383,0.075,0.951,-0.105,0.140,0.234,0.108,0.000,-0.091,-0.612,5685,4594;
140413,0.072,0.985,-0.157,0.102,0.284,0.097,0.000,-0.091,-0.612,5664,4588;
140443,0.079,0.966,-0.164,0.078,0.305,0.066,0.000,-0.091,-0.612,5648,4594;
140463,0.083,0.899,-0.150,0.068,0.432,0.013,0.091,-0.091,-0.204,5648,4527;
140493,0.113,0.876,-0.143,-0.038,0.378,-0.033,0.091,-0.091,-0.204,5629,4582;
140523,0.166,0.985,-0.143,-0.049,0.392,-0.056,0.273,-0.182,-0.510,5608,4585;
140543,0.184,0.993,-0.115,-0.114,0.255,-0.064,0.273,-0.182,-0.510,5587,4583;
140573,0.166,0.981,-0.129,-0.293,0.186,-0.028,0.273,-0.182,-0.510,5574,4580;
140603,0.136,1.060,-0.217,-0.172,0.351,0.005,0.000,0.091,-0.204,5561,4576;
140633,0.143,1.079,-0.199,-0.157,0.421,0.050,0.000,0.091,-0.204,5540,4519;
140663,0.068,1.038,-0.182,-0.199,0.511,0.072,-0.273,0.091,-0.306,5530,4574;
140683,0.087,1.034,-0.251,-0.157,0.597,0.063,-0.273,0.091,-0.306,5537,4584;
140713,0.113,1.053,-0.283,-0.067,0.721,0.024,-0.273,0.091,-0.306,5538,4598;
140743,0.143,1.064,-0.265,0.051,0.406,0.027,0.091,0.182,-0.102,5534,4599;
140763,0.376,1.252,-0.108,-0.057,0.165,0.138,0.091,0.182,-0.102,5516,4583;
140793,0.343,1.354,-0.101,0.238,-0.266,0.198,-0.091,-0.091,0.000,5491,4571;
140823,0.230,1.207,0.042,0.243,-0.358,0.148,-0.091,-0.091,0.000,5503,4588;
140853,0.154,1.079,0.052,0.064,-0.203,0.106,-0.091,-0.091,0.000,5538,4602;
140883,0.038,0.963,0.084,0.253,-0.059,-0.045,-0.091,0.000,-0.408,5562,4564;
140913,-0.113,0.948,0.196,-0.328,-0.022,-0.427,-0.091,0.000,-0.408,5571,4620;
140943,0.026,1.011,0.217,-0.385,0.013,-0.410,0.091,0.091,-0.510,5585,4645;
140963,0.105,1.015,0.098,-0.262,0.216,-0.392,0.091,0.091,-0.510,5615,4663;
140993,0.113,0.959,0.080,-0.130,0.220,-0.319,0.091,0.091,-0.510,5635,4663;
141023,0.083,0.884,0.143,-0.270,0.041,-0.348,-0.091,-0.818,-0.204,5682,4686;
141053,0.120,0.917,0.073,-0.193,-0.101,-0.358,-0.091,-0.818,-0.204,5725,4698;
141073,0.162,0.933,0.087,-0.236,-0.259,-0.342,0.091,0.000,-0.204,5771,4652;
141103,0.034,0.936,0.087,-0.307,-0.223,-0.336,0.091,0.000,-0.204,5799,4702;
141133,0.000,0.970,0.049,-0.191,-0.263,-0.217,-0.091,0.182,-1.735,5843,4741;
141163,0.000,1.045,-0.038,-0.015,-0.231,-0.147,-0.091,0.182,-1.735,5865,4773;
141193,0.038,1.000,-0.024,-0.018,-0.378,-0.118,-0.091,0.182,-1.735,5878,4785;
141223,0.015,0.970,-0.017,-0.104,-0.389,-0.090,0.000,-0.182,-0.714,5896,4795;
141253,0.049,0.996,-0.042,-0.174,-0.407,-0.027,0.000,-0.182,-0.714,5904,4784;
141283,0.004,0.985,-0.073,-0.050,-0.327,0.012,-0.364,0.182,-0.102,5903,4734;
141303,0.000,0.951,-0.028,-0.123,-0.403,0.044,-0.364,0.182,-0.102,5880,4697;
141333,0.008,0.951,-0.038,-0.171,-0.398,0.063,0.000,-0.727,-0.204,5857,4728;
141363,0.023,0.970,-0.010,-0.185,-0.364,0.091,0.000,-0.727,-0.204,5849,4715;
141383,0.000,1.011,-0.063,-0.098,-0.441,0.138,0.000,-0.727,-0.204,5833,4643;
141423,-0.038,1.034,-0.059,-0.062,-0.440,0.158,-0.273,-0.091,0.000,5828,4641;
141443,-0.030,0.985,-0.014,-0.085,-0.376,0.131,-0.273,-0.091,0.000,5812,4664;
141473,-0.023,0.981,-0.059,-0.132,-0.395,0.110,0.000,0.000,-0.714,5802,4649;
141503,-0.045,1.034,-0.087,-0.113,-0.466,0.100,0.000,0.000,-0.714,5791,4624;
141533,-0.026,1.049,-0.080,-0.175,-0.444,0.118,0.000,0.000,-0.714,5778,4573;
141553,-0.008,1.030,-0.087,-0.205,-0.386,0.182,0.091,0.455,-0.102,5768,4616;
141583,-0.034,1.038,-0.115,-0.180,-0.450,0.191,0.091,0.455,-0.102,5772,4601;
141613,-0.072,1.094,-0.136,-0.209,-0.557,0.160,-0.091,-0.091,-0.816,5760,4533;
141633,-0.087,1.192,-0.014,-0.176,-0.262,0.044,-0.091,-0.091,-0.816,5726,4475;
141663,-0.177,1.278,0.052,-0.034,-0.047,-0.101,-0.091,-0.091,-0.816,5691,4506;
141693,-0.173,1.215,0.035,0.078,0.008,-0.250,-0.091,-0.091,-0.102,5688,4516;
141723,0.023,1.027,0.115,0.010,-0.022,-0.243,-0.091,-0.091,-0.102,5702,4527;
141753,0.158,1.030,0.115,0.130,-0.143,-0.168,0.000,0.000,0.000,5700,4528;
141773,0.256,1.008,0.133,0.287,-0.280,-0.032,0.000,0.000,0.000,5696,4527;
141803,0.263,0.985,0.164,0.385,-0.443,0.039,0.000,0.000,0.000,5693,4447;
141833,0.215,0.944,0.203,0.382,-0.376,-0.001,0.091,0.091,-0.204,5697,4523;
141853,0.173,0.921,0.133,0.429,-0.187,-0.087,0.091,0.091,-0.204,5705,4531;
141883,0.166,0.963,0.066,0.419,-0.121,-0.098,-0.091,0.091,-0.102,5700,4515;
141970,0.124,1.000,0.035,0.409,-0.042,-0.034,-0.091,0.091,-0.102,5675,4525;
141971,0.113,1.011,0.035,0.248,0.034,0.106,-0.091,0.091,-0.102,5662,4528;
141972,0.109,0.996,0.028,0.219,0.059,0.249,-0.273,-0.091,0.000,5642,4531;
141983,0.087,0.970,0.063,0.222,0.068,0.284,-0.273,-0.091,0.000,5626,4510;
142023,0.079,0.929,0.028,0.219,0.226,0.208,0.091,0.273,-0.306,5610,4539;
142043,0.139,0.970,-0.007,-0.148,0.193,0.256,0.091,0.273,-0.306,5590,4537;
142073,0.094,1.057,-0.094,0.335,0.308,0.254,0.091,0.273,-0.306,5579,4535;
142103,0.094,0.985,-0.070,0.161,0.130,0.191,-0.182,0.182,-0.918,5571,4525;
142133,0.090,0.929,-0.080,0.209,0.214,0.152,-0.182,0.182,-0.918,5567,4526;
142153,0.064,0.955,-0.147,0.131,0.382,0.106,-0.091,0.091,-0.612,5561,4520;
142183,0.030,0.959,-0.150,0.119,0.384,0.045,-0.091,0.091,-0.612,5555,4514;
142203,0.038,0.940,-0.192,0.036,0.418,-0.007,-0.091,0.091,-0.612,5545,4464;
142243,0.056,0.910,-0.182,-0.045,0.521,-0.021,0.091,-0.091,-0.306,5528,4509;
142263,0.075,0.944,-0.168,-0.075,0.720,-0.027,0.091,-0.091,-0.306,5508,4491;
142293,0.079,0.996,-0.140,-0.039,0.667,-0.001,0.000,0.909,-0.102,5493,4492;
142323,0.166,1.019,-0.143,-0.005,0.597,0.019,0.000,0.909,-0.102,5482,4487;
142343,0.192,1.030,-0.154,-0.045,0.435,0.044,0.000,0.909,-0.102,5466,4485;
142373,0.181,1.027,-0.182,-0.008,0.334,0.070,0.091,0.364,0.510,5448,4472;
142403,0.162,1.030,-0.224,-0.042,0.362,0.029,0.091,0.364,0.510,5433,4464;
142423,0.079,1.075,-0.325,-0.039,0.526,-0.045,-0.091,-0.091,-0.306,5415,4419;
142453,0.068,1.068,-0.339,-0.035,0.593,0.016,-0.091,-0.091,-0.306,5409,4456;
142483,0.215,1.162,-0.143,-0.347,0.375,0.115,-0.091,-0.091,-0.306,5380,4457;
142503,0.429,1.444,-0.031,-0.177,0.266,0.436,0.091,-0.273,-0.408,5341,4435;
142533,0.181,1.448,0.003,0.273,-0.106,0.308,0.091,-0.273,-0.408,5304,4455;
142563,0.124,1.030,0.007,0.324,-0.168,0.129,-0.091,0.182,-0.102,5317,4493;
142583,0.011,0.944,0.101,0.146,0.198,0.055,-0.091,0.182,-0.102,5362,4524;
142613,0.004,0.831,0.157,-0.100,0.183,-0.023,-0.091,0.182,-0.102,5404,4480;
142643,0.004,0.827,0.161,-0.261,0.058,-0.284,-0.091,-0.091,-0.306,5433,4510;
142673,0.075,1.053,0.189,-0.293,-0.121,-0.297,-0.091,-0.091,-0.306,5429,4547;
142693,0.060,1.075,0.119,-0.073,0.034,-0.294,0.182,0.000,0.102,5437,4539;
142723,0.113,0.933,0.098,-0.137,0.074,-0.259,0.182,0.000,0.102,5477,4487;
142753,0.083,0.917,0.087,-0.063,0.010,-0.242,0.182,0.000,0.102,5516,4571;
142773,0.079,0.940,0.098,-0.075,-0.051,-0.234,-0.182,0.364,-0.102,5567,4619;
142803,0.072,0.948,0.017,-0.004,0.029,-0.203,-0.182,0.364,-0.102,5626,4639;
142833,0.008,0.966,0.024,-0.159,-0.029,-0.158,0.000,0.182,-0.816,5661,4632;
142863,0.030,0.959,0.007,-0.058,-0.017,-0.140,0.000,0.182,-0.816,5674,4663;
142883,0.087,1.011,-0.028,0.061,-0.061,-0.120,0.000,0.182,-0.816,5687,4673;
142913,0.075,1.030,-0.017,-0.103,-0.174,-0.097,0.182,0.091,-0.612,5688,4675;
142943,0.079,0.993,-0.007,-0.046,-0.310,-0.112,0.182,0.091,-0.612,5713,4671;
142973,0.113,0.963,-0.035,-0.096,-0.526,-0.022,0.182,-0.364,-0.408,5743,4663;
143003,0.041,0.974,0.017,-0.243,-0.348,-0.007,0.182,-0.364,-0.408,5751,4652;
143023,0.038,0.951,-0.045,-0.158,-0.506,0.024,0.182,-0.364,-0.408,5758,4589;
143053,0.030,0.966,-0.063,-0.112,-0.514,0.042,0.091,0.091,-0.204,5759,4595;
143083,-0.049,0.985,-0.077,-0.113,-0.449,0.025,0.091,0.091,-0.204,5751,4607;
143103,-0.083,0.966,-0.052,-0.225,-0.455,0.029,0.091,-0.182,0.102,5743,4557;
143143,-0.060,0.974,-0.045,-0.260,-0.467,0.067,0.091,-0.182,0.102,5717,4596;
143163,-0.004,1.038,-0.059,-0.205,-0.461,0.144,-0.091,0.091,-0.102,5709,4593;
143193,-0.030,1.049,-0.056,-0.166,-0.509,0.183,-0.091,0.091,-0.102,5711,4588;
143213,-0.049,1.011,-0.014,-0.305,-0.472,0.153,-0.091,0.091,-0.102,5718,4583;
143253,0.011,1.000,-0.070,-0.289,-0.487,0.138,0.000,0.182,-0.408,5740,4565;
143273,0.030,1.057,-0.140,-0.290,-0.614,0.143,0.000,0.182,-0.408,5774,4566;
143303,-0.072,1.121,-0.129,-0.223,-0.616,0.158,-0.273,0.182,0.000,5782,4544;
143333,-0.068,1.075,-0.150,-0.089,-0.584,0.191,-0.273,0.182,0.000,5781,4464;
143363,-0.075,1.027,-0.129,-0.019,-0.452,0.137,-0.273,0.182,0.000,5757,4518;
143383,-0.120,1.105,-0.017,-0.080,0.001,-0.045,-0.091,0.000,0.408,5705,4500;
143413,-0.241,1.267,0.042,-0.104,0.192,-0.270,-0.091,0.000,0.408,5683,4496;
143443,-0.060,1.230,0.206,0.011,0.465,-0.350,-0.091,0.000,-0.408,5675,4425;
143473,0.184,1.027,0.224,0.227,0.263,-0.210,-0.091,0.000,-0.408,5694,4523;
143493,0.395,0.869,0.224,0.329,0.030,-0.103,-0.091,0.000,-0.408,5696,4525;
143523,0.391,0.959,0.168,0.308,-0.160,-0.125,-0.182,-0.182,-0.408,5692,4491;
143543,0.271,1.105,0.122,0.515,-0.205,-0.125,-0.182,-0.182,-0.408,5695,4482;
143573,0.177,1.023,0.115,0.488,-0.154,-0.052,-0.182,-0.273,1.020,5707,4392;
143603,0.124,0.948,0.133,0.419,-0.151,0.018,-0.182,-0.273,1.020,5712,4412;
143623,0.090,0.880,0.150,0.225,-0.049,0.091,-0.182,-0.273,1.020,5710,4506;
143663,0.113,0.955,0.056,0.160,-0.118,0.222,0.091,0.091,0.612,5681,4524;
143693,0.120,1.030,-0.024,0.127,-0.136,0.219,0.091,0.091,0.612,5668,4543;
143713,0.113,1.008,0.017,0.319,-0.148,0.211,0.000,0.182,-0.408,5669,4536;
143743,0.132,0.974,0.017,0.195,0.044,0.166,0.000,0.182,-0.408,5665,4482;
143773,0.162,0.963,-0.003,0.148,0.078,0.221,0.000,0.182,-0.408,5662,4546;
143793,0.151,0.989,-0.073,0.267,0.051,0.283,-0.273,-0.091,-0.306,5661,4541;
143823,0.079,0.948,-0.073,0.314,-0.079,0.232,-0.273,-0.091,-0.306,5664,4537;
143863,0.079,0.944,-0.056,0.129,0.069,0.169,0.182,0.091,-0.510,5652,4507;
143883,0.087,0.996,-0.168,0.134,0.136,0.098,0.182,0.091,-0.510,5637,4522;
143913,0.041,0.993,-0.185,0.234,0.068,0.076,-0.091,0.000,-0.510,5628,4511;
143943,0.004,0.959,-0.161,0.186,0.166,0.022,-0.091,0.000,-0.510,5614,4479;
143973,0.068,0.936,-0.217,0.168,0.391,-0.016,-0.091,0.000,-0.510,5583,4503;
143993,0.094,0.906,-0.210,0.073,0.440,-0.030,-0.091,0.182,0.000,5558,4498;
144023,0.072,0.944,-0.192,0.058,0.491,-0.041,-0.091,0.182,0.000,5531,4491;
144053,0.105,0.974,-0.213,-0.034,0.448,-0.051,-0.091,0.091,-0.408,5504,4446;
144083,0.154,1.011,-0.203,-0.055,0.367,-0.041,-0.091,0.091,-0.408,5448,4471;
144113,0.177,1.015,-0.217,-0.010,0.355,0.023,-0.091,0.091,-0.408,5403,4462;
144143,0.196,1.004,-0.238,-0.005,0.285,0.127,-0.182,-0.273,0.000,5378,4451;
144163,0.154,1.038,-0.286,-0.040,0.329,0.152,-0.182,-0.273,0.000,5359,4456;
144193,0.120,1.011,-0.286,-0.114,0.403,0.058,-0.364,0.273,0.204,5348,4447;
144223,0.098,1.000,-0.314,-0.016,0.563,-0.004,-0.364,0.273,0.204,5343,4445;
144243,0.279,1.124,-0.108,-0.288,0.293,0.096,-0.364,0.273,0.204,5324,4441;
144283,0.501,1.470,-0.070,0.117,0.215,0.373,0.000,0.091,0.204,5276,4434;
144303,0.211,1.222,-0.059,0.333,-0.142,0.280,0.000,0.091,0.204,5268,4453;
144333,0.154,1.015,-0.007,0.175,-0.177,0.228,0.091,0.091,-0.204,5301,4471;
144363,0.056,1.000,-0.014,0.119,-0.029,0.180,0.091,0.091,-0.204,5347,4458;
144393,-0.064,0.812,0.115,-0.161,0.007,-0.142,-0.091,-0.091,1.327,5420,4520;
144413,0.000,0.884,0.199,-0.430,0.135,-0.271,-0.091,-0.091,1.327,5430,4547;
144443,0.083,1.057,0.122,-0.186,-0.002,-0.233,-0.091,-0.091,1.327,5416,4579;
144483,0.136,1.023,0.133,-0.187,0.018,-0.251,-0.182,0.091,0.000,5422,4571;
144503,0.158,0.914,0.119,-0.112,-0.134,-0.194,-0.182,0.091,0.000,5453,4602;
144533,0.094,0.921,0.080,-0.148,0.032,-0.229,0.091,0.182,0.204,5504,4553;
144553,0.060,0.978,0.049,-0.290,-0.108,-0.214,0.091,0.182,0.204,5535,4614;
144583,0.034,1.045,0.007,-0.200,-0.017,-0.208,0.091,0.182,0.204,5580,4647;
144613,0.034,1.011,-0.003,-0.115,0.002,-0.202,-0.091,-0.818,0.204,5636,4639;
144633,0.008,0.966,-0.021,-0.016,0.135,-0.227,-0.091,-0.818,0.204,5671,4681;
144673,0.064,0.955,-0.007,-0.102,-0.041,-0.183,0.000,0.182,-0.408,5701,4731;
144703,0.113,0.996,-0.073,-0.079,-0.135,-0.125,0.000,0.182,-0.408,5740,4771;
144723,0.098,1.008,-0.066,-0.029,-0.245,-0.112,-0.091,0.091,-0.102,5773,4751;
144753,0.038,1.004,-0.073,0.030,-0.251,-0.110,-0.091,0.091,-0.102,5797,4757;
144783,0.049,0.955,-0.052,-0.134,-0.408,-0.095,-0.091,0.091,-0.102,5811,4745;
144803,0.045,0.925,-0.052,-0.278,-0.432,-0.074,0.091,0.182,-0.306,5803,4726;
144833,0.098,0.963,-0.052,-0.285,-0.421,-0.022,0.091,0.182,-0.306,5789,4707;
144853,0.075,1.008,-0.119,-0.124,-0.549,0.042,0.091,0.182,-0.306,5782,4682;
144883,0.030,0.974,-0.108,-0.061,-0.709,0.045,0.000,-0.364,0.000,5793,4673;
144913,0.008,0.955,-0.073,-0.157,-0.713,0.085,0.000,-0.364,0.000,5794,4673;
144943,-0.015,0.974,-0.108,-0.169,-0.642,0.138,-0.091,0.182,-0.612,5783,4649;
144973,-0.068,1.015,-0.101,-0.181,-0.692,0.158,-0.091,0.182,-0.612,5769,4591;
144993,-0.079,1.015,-0.073,-0.244,-0.663,0.144,-0.091,0.182,-0.612,5769,4627;
145023,-0.068,1.042,-0.066,-0.325,-0.645,0.135,0.000,0.000,-0.510,5766,4612;
145043,-0.023,1.068,-0.112,-0.336,-0.710,0.142,0.000,0.000,-0.510,5767,4596;
145083,-0.038,1.083,-0.126,-0.308,-0.685,0.129,-0.091,0.000,-0.510,5777,4529;
145103,-0.120,1.147,-0.129,-0.200,-0.476,0.074,-0.091,0.000,-0.510,5772,4544;
145133,-0.196,1.267,-0.059,-0.163,-0.057,-0.090,0.000,-0.273,-0.408,5748,4523;
145173,-0.188,1.297,-0.080,-0.059,0.081,-0.245,0.000,-0.273,-0.408,5747,4501;
145193,0.000,1.121,0.098,-0.039,0.255,-0.255,0.000,-0.273,-0.408,5801,4528;
145223,0.151,1.011,0.031,0.165,0.095,-0.107,-0.182,0.182,0.102,5818,4538;
145243,0.237,0.887,0.133,0.225,0.042,-0.040,-0.182,0.182,0.102,5822,4544;
145273,0.226,0.854,0.133,0.268,0.047,-0.022,0.000,0.091,-0.510,5820,4537;
145303,0.237,0.974,0.080,0.418,-0.072,-0.042,0.000,0.091,-0.510,5808,4551;
145333,0.199,1.000,0.119,0.380,-0.079,-0.124,0.000,0.091,-0.510,5797,4551;
145363,0.233,1.015,0.101,0.316,-0.151,-0.102,0.091,-0.091,-0.204,5785,4548;
145393,0.226,0.989,0.105,0.195,-0.131,-0.021,0.091,-0.091,-0.204,5757,4549;
145423,0.136,0.981,0.042,0.164,0.023,0.062,0.000,0.182,-0.306,5734,4547;
145443,0.117,1.004,-0.052,0.165,-0.125,0.200,0.000,0.182,-0.306,5712,4550;
145473,0.090,0.989,-0.017,0.181,-0.019,0.250,-0.091,-0.182,0.102,5697,4520;
145503,0.102,1.000,-0.024,0.336,0.157,0.223,-0.091,-0.182,0.102,5684,4509;
145523,0.136,0.963,-0.045,0.001,0.100,0.237,-0.091,-0.182,0.102,5678,4509;
145553,0.109,0.978,-0.119,0.178,0.062,0.254,0.000,-0.091,0.102,5668,4526;
145593,0.068,0.963,-0.105,0.226,0.049,0.242,0.000,-0.091,0.102,5667,4523;
145623,0.072,0.944,-0.119,0.141,0.032,0.151,0.000,0.000,1.224,5647,4561;
145643,0.128,0.963,-0.192,0.140,0.066,0.108,0.000,0.000,1.224,5641,4557;
145673,0.098,0.970,-0.192,0.127,0.101,0.075,0.000,0.000,1.224,5629,4536;
145703,0.034,0.951,-0.196,0.029,0.272,0.000,0.182,0.000,-0.408,5596,4547;
145733,0.049,0.951,-0.220,0.076,0.350,-0.044,0.182,0.000,-0.408,5565,4542;
145763,0.056,0.917,-0.224,0.021,0.389,-0.066,0.091,0.455,-0.102,5544,4530;
145793,0.079,0.959,-0.196,0.001,0.419,-0.064,0.091,0.455,-0.102,5503,4501;
145823,0.154,0.978,-0.192,0.042,0.608,-0.044,0.000,-0.273,0.000,5458,4506;
145843,0.143,1.011,-0.234,0.129,0.472,0.013,0.000,-0.273,0.000,5429,4491;
145873,0.128,0.996,-0.255,0.078,0.306,0.052,0.000,-0.273,0.000,5414,4471;
145903,0.173,0.978,-0.293,-0.027,0.293,0.068,0.000,0.182,-0.408,5394,4437;
145923,0.184,0.974,-0.241,-0.073,0.431,0.083,0.000,0.182,-0.408,5368,4453;
145953,0.143,0.948,-0.238,-0.119,0.554,0.079,0.000,0.091,-0.510,5359,4449;
145983,0.177,0.963,-0.300,-0.130,0.659,0.064,0.000,0.091,-0.510,5357,4455;
146013,0.324,1.147,-0.150,-0.203,0.482,0.044,0.000,0.091,-0.510,5327,4481;
146033,0.553,1.519,-0.084,-0.025,0.256,0.378,0.000,-0.091,0.000,5257,4471;
146063,0.083,1.530,-0.140,0.501,-0.374,0.279,0.000,-0.091,0.000,5215,4473;
146093,0.222,1.181,0.024,0.233,-0.484,0.219,0.091,-0.273,-0.408,5238,4496;
146123,0.120,0.948,0.136,-0.304,-0.297,0.178,0.091,-0.273,-0.408,5266,4538;
146153,-0.049,0.827,0.175,-0.208,-0.165,-0.126,0.091,-0.273,-0.408,5317,4541;
146173,-0.023,0.929,0.133,-0.385,-0.080,-0.305,0.091,0.182,-0.204,5336,4557;
146203,0.026,1.075,0.147,-0.174,-0.132,-0.240,0.091,0.182,-0.204,5348,4552;
146233,0.004,0.963,0.094,0.059,0.034,-0.289,-0.182,0.727,-0.102,5358,4606;
146253,0.094,0.887,0.101,-0.261,0.091,-0.231,-0.182,0.727,-0.102,5370,4627;
146283,0.162,0.936,0.042,-0.274,-0.010,-0.214,-0.182,0.727,-0.102,5407,4593;
146313,0.192,0.966,0.028,-0.267,-0.253,-0.146,0.091,0.273,-0.306,5449,4611;
146333,0.090,0.944,0.017,-0.061,-0.389,-0.209,0.091,0.273,-0.306,5514,4607;
146363,0.038,0.955,0.056,-0.220,-0.262,-0.198,0.000,0.000,-1.735,5577,4650;
146393,0.038,0.970,0.024,-0.180,-0.154,-0.166,0.000,0.000,-1.735,5634,4687;
146413,0.075,0.966,0.000,-0.221,-0.256,-0.095,0.000,0.000,-1.735,5661,4698;
146443,0.026,1.000,-0.052,-0.102,-0.225,-0.117,0.000,0.091,-0.204,5680,4705;
146463,0.038,0.996,-0.014,-0.186,-0.249,-0.101,0.000,0.091,-0.204,5694,4708;
146493,0.008,0.993,-0.031,-0.178,-0.185,-0.140,0.091,-0.273,0.408,5695,4695;
146523,0.041,0.981,-0.038,-0.185,-0.250,-0.072,0.091,-0.273,0.408,5686,4700;
146553,0.041,0.996,-0.049,-0.176,-0.285,-0.051,0.091,-0.273,0.408,5680,4697;
146583,0.079,1.008,-0.091,-0.062,-0.421,-0.033,-0.091,-0.727,-0.306,5680,4682;
146603,0.060,1.008,-0.101,0.052,-0.441,-0.025,-0.091,-0.727,-0.306,5682,4632;
146633,0.056,0.985,-0.073,0.066,-0.476,-0.005,0.091,-0.727,0.102,5671,4668;
146663,0.015,0.951,-0.112,-0.033,-0.560,0.053,0.091,-0.727,0.102,5663,4652;
146683,-0.019,0.959,-0.105,-0.064,-0.509,0.101,0.091,-0.727,0.102,5665,4627;
146713,-0.079,0.974,-0.056,-0.131,-0.458,0.101,0.091,0.182,-0.510,5660,4552;
146743,-0.064,1.011,-0.031,-0.219,-0.415,0.101,0.091,0.182,-0.510,5663,4624;
146763,-0.004,1.038,-0.073,-0.208,-0.506,0.121,-0.182,0.091,-0.306,5683,4614;
146803,-0.030,1.057,-0.087,-0.231,-0.551,0.136,-0.182,0.091,-0.306,5694,4616;
146823,-0.030,1.075,-0.084,-0.245,-0.469,0.130,-0.182,0.091,-0.306,5700,4605;
146853,-0.004,1.023,-0.147,-0.251,-0.544,0.143,0.091,0.000,-0.612,5722,4592;
146873,-0.083,1.034,-0.150,-0.206,-0.556,0.120,0.091,0.000,-0.612,5717,4479;
146913,-0.109,1.057,-0.140,-0.152,-0.460,0.081,-0.091,-0.909,-1.633,5711,4366;
146943,-0.147,1.158,-0.021,-0.100,-0.101,-0.011,-0.091,-0.909,-1.633,5687,4518;
146963,-0.203,1.192,-0.003,-0.144,0.161,-0.152,-0.273,0.000,0.000,5667,4484;
147003,-0.158,1.199,0.028,-0.063,0.277,-0.272,-0.273,0.000,0.000,5661,4488;
147023,0.162,1.027,0.063,0.107,0.171,-0.131,-0.273,0.000,0.000,5682,4506;
147053,0.256,0.929,0.112,0.256,0.101,-0.019,-0.182,0.273,-0.612,5695,4508;
147073,0.245,0.955,0.126,0.323,0.046,-0.019,-0.182,0.273,-0.612,5699,4508;
147103,0.256,1.023,0.115,0.478,-0.170,-0.049,0.000,0.182,-0.102,5709,4500;
147133,0.226,0.970,0.143,0.427,-0.234,-0.119,0.000,0.182,-0.102,5726,4473;
147153,0.203,0.929,0.126,0.431,-0.097,-0.137,0.000,0.182,-0.102,5745,4519;
147193,0.199,0.955,0.080,0.134,-0.175,-0.006,0.000,-0.091,-0.918,5727,4515;
147223,0.128,1.023,-0.003,0.073,-0.194,0.110,0.000,-0.091,-0.918,5707,4512;
147243,0.117,1.068,-0.070,0.254,-0.212,0.233,-0.091,-0.091,-0.510,5685,4510;
147273,0.075,1.038,-0.066,0.389,-0.005,0.226,-0.091,-0.091,-0.510,5663,4491;
147293,0.094,0.989,-0.059,0.310,0.002,0.214,-0.091,-0.091,-0.510,5655,4493;
147323,0.056,0.985,-0.087,0.223,0.059,0.210,-0.091,0.273,-0.102,5641,4484;
147353,0.045,0.944,-0.101,0.424,0.339,0.220,-0.091,0.273,-0.102,5627,4526;
147383,0.056,0.948,-0.143,0.267,0.446,0.159,0.000,0.000,0.000,5610,4523;
147413,0.128,0.902,-0.126,0.140,0.382,0.149,0.000,0.000,0.000,5605,4511;
147433,0.117,0.899,-0.147,0.107,0.396,0.096,0.000,0.000,0.000,5588,4505;
147463,0.102,0.921,-0.157,0.017,0.443,0.047,0.091,0.000,-1.939,5580,4470;
147483,0.068,0.948,-0.178,0.035,0.556,0.019,0.091,0.000,-1.939,5559,4474;
147523,0.045,0.966,-0.189,0.067,0.616,-0.013,-0.182,0.091,-0.306,5540,4479;
147553,0.056,0.902,-0.217,0.055,0.648,-0.078,-0.182,0.091,-0.306,5509,4456;
147573,0.098,0.929,-0.203,-0.066,0.625,-0.074,-0.182,-0.091,-0.408,5478,4423;
147603,0.158,0.978,-0.231,-0.097,0.527,-0.030,-0.091,-0.091,-0.408,5448,4440;
147633,0.128,0.978,-0.203,-0.040,0.562,-0.019,-0.091,-0.091,-0.408,5425,4433;
147653,0.128,0.978,-0.203,-0.051,0.495,-0.007,-0.182,0.182,0.102,5414,4436;
147683,0.117,0.963,-0.238,-0.144,0.514,0.029,-0.182,0.182,0.102,5401,4443;
147713,0.117,0.978,-0.276,-0.169,0.561,0.061,-0.182,0.182,0.102,5386,4452;
147743,0.098,0.974,-0.321,-0.109,0.629,0.023,0.000,0.000,-0.408,5368,4464;
147763,0.158,0.993,-0.286,-0.194,0.423,-0.047,0.000,0.000,-0.408,5359,4456;
147803,0.497,1.448,0.063,-0.494,0.188,0.328,0.091,0.091,-0.408,5309,4422;
147823,0.433,1.636,-0.056,0.039,-0.603,0.539,0.091,0.091,-0.408,5271,4416;
147853,0.245,1.324,-0.038,0.503,-0.506,0.345,0.091,-0.091,-0.204,5284,4441;
147873,0.079,1.042,0.101,-0.121,-0.233,0.243,0.091,-0.091,-0.204,5315,4462;
147903,-0.004,0.951,0.038,0.051,-0.151,0.058,0.091,-0.091,-0.204,5350,4472;
147933,-0.087,0.914,0.154,-0.464,-0.141,-0.327,0.000,-0.182,-0.612,5385,4491;
147953,0.045,0.993,0.133,-0.272,-0.042,-0.330,0.000,-0.182,-0.612,5410,4532;
147983,0.030,1.011,0.119,-0.114,0.046,-0.267,-0.091,0.091,-0.612,5414,4538;
148013,0.023,0.899,0.122,0.001,0.248,-0.353,-0.091,0.091,-0.612,5444,4571;
148033,0.105,0.839,0.115,-0.290,0.350,-0.257,-0.091,0.091,-0.612,5471,4598;
148063,0.154,0.963,0.098,-0.261,0.216,-0.194,0.091,-0.182,-0.408,5479,4621;
148083,0.117,0.993,0.056,-0.121,0.017,-0.229,0.091,-0.182,-0.408,5491,4634;
148113,0.102,1.008,0.038,-0.102,0.021,-0.214,0.091,-0.182,-0.408,5540,4610;
148143,0.056,0.966,0.080,-0.091,-0.051,-0.228,-0.091,-0.273,-0.408,5598,4619;
148173,0.023,0.951,0.091,-0.146,-0.028,-0.187,-0.091,-0.273,-0.408,5641,4676;
148193,0.068,0.959,0.042,-0.220,-0.159,-0.147,0.091,-0.273,-0.306,5687,4682;
148233,0.068,0.996,-0.024,-0.214,-0.234,-0.135,0.091,-0.273,-0.306,5744,4730;
148253,0.049,0.993,0.014,-0.209,-0.308,-0.161,0.000,0.000,-0.612,5792,4754;
148283,0.023,0.974,-0.007,-0.249,-0.328,-0.103,0.000,0.000,-0.612,5837,4762;
148303,0.023,1.004,0.000,-0.166,-0.294,-0.070,0.000,0.000,-0.612,5874,4753;
148333,0.056,1.000,-0.031,-0.195,-0.433,-0.010,0.273,0.000,-0.102,5895,4758;
148363,0.056,1.004,-0.042,-0.087,-0.614,0.032,0.273,0.000,-0.102,5907,4754;
148383,0.053,1.008,-0.052,-0.090,-0.732,0.074,0.273,0.000,-0.102,5915,4744;
148413,0.049,1.004,-0.070,-0.044,-0.820,0.118,0.000,0.182,-0.102,5914,4725;
148443,0.034,1.015,-0.070,0.032,-0.886,0.157,0.000,0.182,-0.102,5912,4690;
148473,0.004,0.989,-0.049,0.036,-0.858,0.166,0.000,-0.182,0.000,5895,4698;
148493,-0.075,0.978,0.010,-0.093,-0.816,0.148,0.000,-0.182,0.000,5887,4694;
148523,-0.064,0.974,0.014,-0.183,-0.775,0.138,0.000,-0.182,0.000,5855,4682;
148553,-0.019,0.993,-0.031,-0.259,-0.635,0.135,0.182,-0.091,0.102,5822,4632;
148583,-0.026,1.038,-0.021,-0.289,-0.630,0.160,0.182,-0.091,0.102,5813,4665;
148613,-0.026,1.057,-0.052,-0.236,-0.663,0.220,0.091,0.000,-0.408,5805,4667;
148643,-0.004,1.034,-0.119,-0.308,-0.760,0.225,0.091,0.000,-0.408,5807,4653;
148663,0.000,1.038,-0.098,-0.313,-0.664,0.214,0.182,0.091,-0.510,5802,4629;
148693,0.000,1.109,0.007,-0.358,-0.401,0.140,0.182,0.091,-0.510,5779,4509;
148723,-0.166,1.260,0.098,-0.192,-0.079,-0.051,0.182,0.091,-0.510,5745,4535;
148753,-0.154,1.267,0.066,-0.137,0.005,-0.191,-0.091,0.273,-0.102,5745,4578;
148773,0.011,1.151,0.087,-0.058,-0.001,-0.225,-0.091,0.273,-0.102,5754,4577;
148803,0.203,1.011,0.105,-0.010,-0.114,-0.131,-0.091,0.182,0.102,5752,4561;
148833,0.233,0.948,0.080,0.160,-0.148,0.064,-0.091,0.182,0.102,5752,4571;
148863,0.143,0.895,0.122,0.189,-0.166,0.067,-0.091,0.182,0.102,5750,4515;
148883,0.147,0.929,0.119,0.229,-0.226,-0.002,0.091,0.091,-0.204,5748,4564;
148913,0.132,0.966,0.168,0.226,-0.226,-0.080,0.091,0.091,-0.204,5765,4569;
148943,0.166,0.933,0.171,0.208,-0.285,-0.115,-0.091,-0.818,-0.204,5769,4560;
148973,0.226,0.917,0.185,0.102,-0.189,-0.135,-0.091,-0.818,-0.204,5753,4568;
148993,0.237,1.027,0.119,0.063,-0.146,-0.061,-0.091,-0.818,-0.204,5739,4550;
149023,0.143,1.045,0.101,0.044,-0.053,-0.045,0.000,0.091,-0.612,5714,4440;
149053,0.075,1.042,0.087,0.023,0.016,0.093,0.000,0.091,-0.612,5705,4580;
149083,0.177,1.034,0.077,0.007,-0.050,0.248,0.091,0.182,-0.306,5687,4586;
149103,0.162,0.963,0.056,-0.016,0.038,0.271,0.091,0.182,-0.306,5685,4542;
149133,0.162,0.940,0.066,-0.131,-0.001,0.297,0.091,0.182,-0.306,5679,4503;
149163,0.090,1.004,0.049,-0.112,0.157,0.240,0.091,0.909,0.408,5675,4596;
149183,0.139,1.019,0.038,-0.022,0.161,0.239,0.091,0.909,0.408,5664,4613;
149213,0.188,1.027,-0.007,0.255,0.301,0.221,0.182,-0.182,-0.408,5654,4593;
149243,0.132,1.008,0.003,0.342,0.487,0.132,0.182,-0.182,-0.408,5640,4603;
149273,0.143,1.019,0.024,0.210,0.464,0.091,0.182,-0.182,-0.408,5625,4554;
149293,0.124,1.030,0.038,0.118,0.477,0.120,-0.091,0.000,-1.122,5617,4606;
149323,0.124,0.981,0.028,0.013,0.382,0.091,-0.091,0.000,-1.122,5613,4588;
149353,0.162,0.966,0.003,-0.015,0.387,0.055,-0.091,-0.091,-0.204,5608,4609;
149383,0.162,0.955,0.007,-0.067,0.344,0.045,-0.091,-0.091,-0.204,5609,4612;
149403,0.173,0.951,0.059,-0.090,0.282,0.008,-0.091,-0.091,-0.204,5612,4614;
149433,0.260,0.929,0.094,-0.171,0.113,-0.019,-0.091,-0.273,0.204,5610,4614;
149463,0.309,0.966,0.112,-0.389,-0.104,0.012,-0.091,-0.273,0.204,5606,4591;
149483,0.245,1.068,0.038,-0.246,-0.284,-0.028,-0.182,-0.909,0.000,5623,4604;
149513,0.184,1.023,0.063,-0.244,-0.336,-0.011,-0.182,-0.909,0.000,5635,4599;
149543,0.136,1.023,0.024,-0.113,-0.219,-0.019,-0.091,0.000,-0.510,5637,4571;
149573,0.136,1.023,0.052,-0.067,-0.188,0.028,-0.091,0.000,-0.510,5638,4591;
149603,0.087,1.023,0.042,-0.098,-0.157,0.008,-0.091,0.000,-0.510,5643,4579;
149623,0.072,1.011,0.024,-0.113,-0.118,-0.025,-0.182,0.182,-0.306,5632,4556;
149653,0.087,1.011,0.035,-0.096,-0.084,-0.030,-0.182,0.182,-0.306,5627,4587;
149673,0.124,1.027,0.021,-0.010,-0.041,-0.010,-0.182,0.182,-0.306,5619,4572;
149703,0.128,1.019,0.035,-0.008,-0.018,0.002,0.091,-0.182,-0.510,5617,4582;
149733,0.124,0.993,0.035,-0.035,-0.033,0.006,0.091,-0.182,-0.510,5618,4573;
149763,0.120,1.008,0.038,-0.055,-0.057,-0.013,-0.091,-0.636,-1.429,5619,4581;
149793,0.113,1.015,0.035,-0.041,-0.079,-0.018,-0.091,-0.636,-1.429,5617,4579;
149823,0.105,1.011,0.049,-0.041,-0.064,-0.021,0.000,-0.091,-0.102,5613,4526;
149853,0.083,1.004,0.031,-0.032,-0.030,-0.023,0.000,-0.091,-0.102,5615,4575;
149883,0.090,1.015,0.031,-0.029,-0.012,-0.022,0.000,-0.091,-0.102,5612,4574;
149903,0.087,1.011,0.035,-0.034,-0.011,-0.018,0.182,-0.091,-0.306,5608,4573;
149933,0.094,1.015,0.028,-0.042,0.005,-0.011,0.182,-0.091,-0.306,5605,4565;
149963,0.094,1.008,0.038,-0.045,-0.004,0.000,-0.091,-0.182,0.102,5601,4552;
149983,0.109,1.015,0.042,-0.072,-0.005,0.007,-0.091,-0.182,0.102,5595,4536;
150023,0.113,1.004,0.049,-0.068,-0.045,0.007,-0.091,-0.182,0.102,5596,4557;
150043,0.109,1.008,0.049,-0.068,-0.063,0.011,0.182,0.091,-0.510,5594,4566;
150073,0.102,1.011,0.045,-0.079,-0.081,0.006,0.182,0.091,-0.510,5592,4564;
150093,0.098,1.015,0.045,-0.064,-0.103,-0.006,-0.273,0.000,-0.102,5589,4561;
150123,0.105,1.011,0.045,-0.035,-0.100,0.005,-0.273,0.000,-0.102,5589,4558;
150153,0.113,1.008,0.038,-0.028,-0.100,0.013,-0.273,0.000,-0.102,5588,4549;
150183,0.102,1.015,0.038,-0.013,-0.112,0.006,0.091,0.091,-0.408,5584,4556;
150213,0.094,1.015,0.045,-0.021,-0.123,0.005,0.091,0.091,-0.408,5583,4542;
150243,0.090,1.015,0.042,-0.002,-0.079,0.006,-0.182,0.000,0.102,5583,4550;
150273,0.090,1.004,0.049,-0.010,-0.063,0.004,-0.182,0.000,0.102,5581,4548;
150303,0.090,1.008,0.045,-0.013,-0.058,0.001,0.000,-0.182,-0.918,5581,4523;
150323,0.098,1.008,0.052,-0.019,-0.055,-0.004,0.000,-0.182,-0.918,5579,4546;
150363,0.098,1.015,0.052,-0.016,-0.050,0.001,0.000,-0.182,-0.918,5579,4494;
150383,0.098,1.008,0.052,-0.010,-0.040,0.006,0.273,-0.182,-0.612,5575,4544;
150413,0.098,1.008,0.045,-0.021,-0.039,0.010,0.273,-0.182,-0.612,5574,4533;
150443,0.094,1.011,0.052,-0.007,-0.032,0.007,0.000,0.818,0.000,5574,4541;
150473,0.102,1.008,0.042,-0.008,-0.032,0.004,0.000,0.818,0.000,5574,4540;
150493,0.102,1.008,0.038,-0.010,-0.033,0.002,0.182,-0.091,0.204,5573,4538;
150523,0.102,1.015,0.045,-0.010,-0.030,0.005,0.182,-0.091,0.204,5572,4538;
150553,0.102,1.011,0.045,-0.008,-0.039,0.004,0.182,-0.091,0.204,5566,4529;
150583,0.105,1.004,0.042,-0.008,-0.029,0.004,0.091,0.000,-0.204,5571,4524;
150603,0.102,1.008,0.045,-0.011,-0.036,0.007,0.091,0.000,-0.204,5571,4473;
150643,0.102,1.015,0.038,-0.004,-0.042,0.004,0.000,-0.455,-0.510,5569,4535;
150663,0.098,1.011,0.042,-0.010,-0.041,0.006,0.000,-0.455,-0.510,5569,4534;
150693,0.102,1.011,0.049,-0.011,-0.040,0.008,0.000,-0.455,-0.510,5566,4532;
150713,0.102,1.011,0.045,-0.004,-0.040,0.012,0.091,-0.091,0.204,5565,4531;
150743,0.102,1.015,0.038,-0.004,-0.050,0.008,0.091,-0.091,0.204,5565,4532;
150773,0.109,1.011,0.042,-0.007,-0.070,0.013,-0.091,-0.455,-0.306,5562,4524;
150803,0.102,1.011,0.049,-0.008,-0.063,0.011,-0.091,-0.455,-0.306,5563,4528;
150823,0.102,1.011,0.042,-0.005,-0.056,0.011,-0.091,-0.455,-0.306,5564,4518;
150863,0.094,1.008,0.038,-0.004,-0.068,0.005,0.000,-0.818,0.000,5560,4527;
150883,0.102,1.015,0.042,-0.010,-0.068,0.008,0.000,-0.818,0.000,5562,4526;
